0.036587
0.045789
0.055021
0.063557
0.071991
0.081567
0.092546
0.10363
0.115549
0.128774
0.140122
0.153492
0.162642
0.173395
0.182213
0.192304
0.202857
0.213563
0.224478
0.234021
0.246611
0.257964
0.268848
0.278022
0.288864
0.297354
0.307969
0.317991
0.327346
0.338246
0.346963
0.359153
0.372987
0.387804
0.397015
0.4083
0.419076
0.428281
0.439621
0.448724
0.459037
0.469264
0.478446
0.489409
0.498462
0.509137
0.51934
0.528455
0.538
0.546859
0.557919
0.567311
0.575956
0.585132
0.593786
0.602672
0.612222
0.621307
0.630243
0.638805
0.64744
0.659375
0.668484
0.677425
0.686439
0.69542
0.704391
0.712981
0.72197
0.73058
0.73926
0.748004
0.759216
0.768435
0.777078
0.786017
0.795255
0.804942
0.813608
0.82282
0.8317
0.840902
0.850448
0.859916
0.86899
0.878465
0.888329
0.898453
0.907646
0.916963
0.928059
0.939592
0.949592
0.964705
0.981609
0.993847
1.00625
1.01917
1.02882
1.03957
