11.6515
11.6515
11.6515
11.6515
11.6515
11.582
11.6515
11.582
11.582
11.582
10.168
10.168
10.168
10.168
10.168
10.3315
10.168
10.3315
10.168
10.3315
9.51291
9.51291
9.51291
9.51291
9.21195
9.4393
9.00177
8.7875
8.50453
8.58795
8.58795
8.73434
8.58795
6.1672
5.97746
6.04779
8.55524
6.0666
6.19418
6.31849
6.25388
6.31604
6.21872
6.23507
6.22199
6.04452
6.22526
6.00936
6.22199
6.00936
6.08868
5.7452
5.82453
5.52521
5.57673
5.85806
5.51539
5.62907
5.2954
5.07949
5.29131
5.6029
5.35592
5.53665
4.93964
5.02224
4.94128
5.02961
4.94128
5.02061
4.94455
5.01325
4.6804
5.01325
4.66159
5.00425
4.66159
5.00425
4.66159
5.00262
4.65095
5.00589
4.6575
5.00016
4.66731
4.99935
4.66731
4.99935
4.66731
5.00016
4.66486
4.90284
4.66404
4.99771
4.64441
4.99771
4.64441
4.99771
4.54873
4.90284
