0.036769
0.046334
0.055328
0.064066
0.07257
0.081447
0.0913
0.102172
0.113435
0.122509
0.131771
0.141604
0.151085
0.161716
0.18579
0.205525
0.219419
0.230704
0.239985
0.249639
0.258947
0.267728
0.277618
0.286542
0.296937
0.306564
0.315663
0.324376
0.332898
0.341959
0.35097
0.359472
0.367967
0.376676
0.385183
0.39425
0.403893
0.412583
0.421176
0.429791
0.438356
0.447032
0.455688
0.464182
0.472791
0.482789
0.491707
0.500313
0.509292
0.517889
0.526522
0.535242
0.544224
0.553135
0.561705
0.570204
0.579563
0.588412
0.597063
0.605637
0.614162
0.622762
0.631287
0.640127
0.648974
0.658013
0.666513
0.675037
0.683644
0.692165
0.700832
0.709874
0.718388
0.726881
0.735449
0.744436
0.753252
0.761731
0.770213
0.783038
0.794421
0.803268
0.812949
0.825291
0.836682
0.847984
0.857049
0.865592
0.874413
0.885013
0.894542
0.906363
0.915375
0.924448
0.933362
0.945114
0.956377
0.967005
0.978439
0.990331
1.00487
1.01454
1.02452
1.03456
1.04377
1.05276
1.06182
1.07043
1.07955
1.08808
1.09666
1.10526
1.11392
1.12241
1.13273
1.14398
1.15468
1.16605
1.17744
1.1914
1.20085
1.21066
1.22069
1.2299
1.23937
1.24811
1.2569
1.2655
1.27448
1.2831
1.29247
1.30122
1.31005
1.31864
1.32724
1.33576
1.34434
1.3532
1.36201
1.37062
1.37916
1.3884
1.39781
1.40732
1.41588
1.42478
1.43368
1.44301
1.45176
1.46042
1.46904
1.47849
1.48799
1.4967
1.50586
1.51451
1.52325
1.53215
1.54093
1.5496
1.55838
1.56713
1.57593
1.58485
1.59398
1.60337
1.61357
1.6266
1.63592
1.646
1.65719
1.66811
1.67996
1.68941
1.69876
1.70978
1.71961
1.73042
1.73989
1.74929
1.75824
1.76677
1.77714
1.786
1.79636
1.80685
1.81706
1.82994
1.83935
1.85041
1.86009
1.86859
1.87783
1.89286
1.90242
1.91413
1.924
1.93329
1.94249
1.95104
