11.6515
11.6515
11.6515
11.6515
11.6515
11.582
11.6515
11.582
11.582
11.582
10.168
10.168
10.168
10.168
10.168
10.3315
10.168
10.3315
10.168
10.3315
9.51291
9.51291
9.51291
9.51291
9.21195
9.4393
9.00177
8.7875
8.50453
8.58795
8.58795
8.73434
8.58795
6.1672
5.97746
6.04779
8.55524
6.0666
6.19418
6.31849
6.25388
6.31604
6.21872
6.23507
6.22199
6.04452
6.22526
6.00936
6.22199
6.00936
6.08868
5.7452
5.82453
5.52521
5.57673
5.85806
5.51539
5.62907
5.2954
5.07949
5.29131
5.6029
5.35592
5.53665
4.93964
5.02224
4.94128
5.02961
4.94128
5.02061
4.94455
5.01325
4.6804
5.01325
4.66159
5.00425
4.66159
5.00425
4.66159
5.00262
4.65095
5.00589
4.6575
5.00016
4.66731
4.99935
4.66731
4.99935
4.66731
5.00016
4.66486
4.90284
4.66404
4.99771
4.64441
4.99771
4.64441
4.99771
4.54873
4.90284
4.54791
4.90366
4.54791
4.56181
4.53646
4.56508
4.55936
4.56099
4.53564
4.56508
4.54055
4.55854
4.54055
4.55936
4.51274
4.52664
4.48248
4.52664
4.50783
4.52583
4.51438
4.52583
4.41869
4.4743
4.41869
4.4743
4.41869
4.4743
4.41869
4.48166
4.44732
4.49639
4.58798
4.44077
4.54055
4.44404
4.54055
4.40479
4.48984
4.40152
4.50293
4.37371
4.4743
4.39743
4.44568
4.35654
4.37944
4.3778
4.23959
4.41624
4.22078
4.41624
4.21178
4.32464
4.21015
4.32791
4.22078
4.32955
4.22078
4.33119
4.36063
4.28784
4.32628
4.28293
4.19706
4.28702
4.19134
4.26985
4.19134
4.21505
4.17171
4.19952
4.16435
4.19788
4.30011
4.20769
4.30011
4.19216
4.29193
4.18152
4.29438
4.15045
4.26003
4.14881
4.27639
4.19216
4.13327
4.17007
4.15781
4.22896
4.11937
4.23877
4.11937
4.23877
4.1071
4.23632
4.1071
4.22487
4.06866
4.20442
