0.44510721718587454
0.42751658702970624
0.21009281098811922
0.3360020506994987
0.10077491231508601
0.46053908416169853
0.18051209051756145
0.26576140383986624
0.23323108612482235
0.21086365927322992
0.3497150208694625
0.3483193998923787
0.4360647775303699
0.24414845940921237
0.1601190845205237
0.20970652276253127
0.42751658702970624
0.46053908416169853
0.2974516407726655
0.3456214397528661
0.14174610734584553
0.3931550426252657
0.3456214397528661
0.24414845940921237
0.08402003662226065
0.37205488775847534
0.302442465227963
0.09595819478330936
0.4269765227832055
0.4154482855035075
0.2681524046994625
0.11626443933315267
0.15199742696836055
0.24488612336665455
0.3343535782496395
0.3617058372023878
0.11888809968412506
0.34207314427164015
0.11888809968412506
0.33160202876071815
0.27500567427817707
0.16014328947232725
0.4154482855035075
0.4154482855035075
0.33160202876071815
0.2681524046994625
0.1736160427728889
0.211776796082419
0.3456214397528661
0.09468006007266738
0.2996882341514178
0.2183037035167793
0.2183037035167793
0.2681524046994625
0.24414845940921237
0.12130817967522983
0.42751658702970624
0.23838335282197087
0.2788362118197281
0.1762857219339548
0.4360647775303699
0.2681524046994625
0.44510721718587454
0.3542657929588384
0.2620252782019726
0.29224818990786844
0.19270907441246704
0.2927043848201804
0.44510721718587454
0.3024530981228889
0.2996882341514178
0.10004139963584607
0.22303951363249647
0.14883743649207692
0.3456214397528661
0.293736681433571
0.2536771218733442
0.21086365927322992
0.30427176330957656
0.2681524046994625
0.29224818990786844
0.3178937836346376
0.08056288943233347
0.46053908416169853
0.2851845352080947
0.20442781813201466
0.3542657929588384
0.3214031305327796
0.14174610734584553
0.3456214397528661
0.2705943674277331
0.3217484580884296
0.3906304589204472
0.25189973507211216
0.2681524046994625
0.44510721718587454
0.2652742214111244
0.3085540800785358
0.28608047877888676
0.3360020506994987
0.44510721718587454
0.3456214397528661
0.15199742696836055
0.2298031569390468
0.16758333371587664
0.24414845940921237
0.46053908416169853
0.07808724966847419
0.2681524046994625
0.19291038951939754
0.2592304624939358
0.4559011445012648
0.17635527328792594
0.3497150208694625
0.28835155282607966
0.23924775161303025
0.17421388870651883
0.15381634313165438
0.16014328947232725
0.4360647775303699
0.25962731845712056
0.450919695108331
0.14629506924102897
0.2183037035167793
0.31707734286761186
0.2882066489816162
0.10842855254828887
0.1020911949587241
0.21086365927322992
0.08851815053975992
0.33615763948973626
0.16719535187329587
0.2851845352080947
0.3832351574845583
0.0927171170545742
0.46053908416169853
0.12631314860990722
0.4559011445012648
0.35064638974250995
0.2851845352080947
0.22100206239560577
0.2183037035167793
0.3117687234514949
0.14174610734584553
0.3456214397528661
0.23891771681665092
0.3009872054250699
0.33160202876071815
0.293736681433571
0.11888809968412506
0.2938736493276267
0.14629506924102897
0.33160202876071815
0.29425332159823153
0.2383416441334752
0.32114713312153753
0.3456214397528661
0.4184741473742016
0.1601190845205237
0.16217327242518342
0.08864599684474306
0.2848158963204386
0.10635826208010735
0.3617058372023878
0.2522855786053949
0.3456214397528661
0.24557908882231627
0.1186286201418204
0.2544194484726857
0.14629506924102897
0.10551133076202884
0.2846236417197368
0.17607622236132392
0.3556931910612799
0.2681524046994625
0.450919695108331
0.19499124350406621
0.21210516649607164
0.07165382198294218
0.27253255174901286
0.29503013889994045
0.2901815343635581
0.16014328947232725
0.3456214397528661
0.257834177167575
0.2681524046994625
0.2996882341514178
0.22303951363249647
0.29425332159823153
0.17886510150032403
0.3456214397528661
0.14174610734584553
0.3456214397528661
0.46053908416169853
0.14629506924102897
0.20970652276253127
0.2004504741433044
0.3168591892335794
0.1313520148591839
0.20607596080067347
0.25156003771793356
0.3067359655786444
0.29992737473523334
0.3025138867634138
0.25380046260047434
0.3320170304264874
0.2522855786053949
0.10077491231508601
0.3496076605826557
0.321925947403994
0.15199742696836055
0.3456214397528661
0.42751658702970624
0.2183037035167793
0.26241824835417416
0.18278216156630334
0.18285586612280402
0.24613274638994143
0.5209436345128651
0.25156003771793356
0.29224818990786844
0.06880151556373659
0.3360020506994987
0.4269765227832055
0.17044140952657177
0.19304010776572905
0.2681524046994625
0.33160202876071815
0.2681524046994625
0.2809115085825302
0.2927043848201804
0.17957484878102803
0.3470055617087215
0.20005801429935471
0.19020451882289668
0.2517904182503864
0.29503013889994045
0.08056288943233347
0.2681524046994625
0.275592448943012
0.15536135799498374
0.3653125801146474
0.10077491231508601
0.2909548125797567
0.35839369629936485
0.4360647775303699
0.44510721718587454
0.46053908416169853
0.25158850365276164
0.2681524046994625
0.2681524046994625
0.3117052888209686
0.5113628437724955
0.29503013889994045
0.2834593942828412
0.16122888036412703
0.29503013889994045
0.4184741473742016
0.4360647775303699
0.23047955787604585
0.2848158963204386
0.3456214397528661
0.1601190845205237
0.3456214397528661
0.29503013889994045
0.21086365927322992
0.3456214397528661
0.14710238485584476
0.34207314427164015
0.2668590273713508
0.46053908416169853
0.19537306453328823
0.08846550850778673
0.22639912836679232
0.46263502832810294
0.20607596080067347
0.26936241444727294
0.2183037035167793
0.07165382198294218
0.2517904182503864
0.2681524046994625
0.46053908416169853
0.2845103631131301
0.28927187220529776
0.24414845940921237
0.3456214397528661
0.2522855786053949
0.11295137500557823
0.20607596080067347
0.293736681433571
0.11295137500557823
0.3456214397528661
0.3518885412471274
0.20970652276253127
0.3483193998923787
0.22233769507428636
0.3117687234514949
0.2006915804385485
0.4360647775303699
0.3178937836346376
0.29853368139683567
0.30017705154127056
0.29224818990786844
0.29503013889994045
0.46053908416169853
0.2751086656780902
0.24757623096814918
0.25189973507211216
0.23326955227096258
0.29147065212716644
0.46053908416169853
0.2901815343635581
0.3456214397528661
0.24757623096814918
0.46053908416169853
0.16719535187329587
0.1759972877046782
0.20633527762076864
0.44510721718587454
0.37205488775847534
0.2882066489816162
0.1757884253429579
0.19537306453328823
0.18655671099742815
0.44510721718587454
0.3630124481029707
0.27400737531007463
0.30503645194151935
0.295986532149828
0.4559011445012648
0.46053908416169853
0.4269765227832055
0.450919695108331
0.3658823488986465
0.3431302660404161
0.4213440481698774
0.3009872054250699
0.2809115085825302
0.31736158960652733
0.46053908416169853
0.3092956009223306
0.16161681602172812
0.2809115085825302
0.1020911949587241
0.2927043848201804
0.1539384523607426
0.18051209051756145
0.4269765227832055
0.21804698133351497
0.46053908416169853
0.20048015200927843
0.33160202876071815
0.293736681433571
0.2085608304181455
0.15761293343991306
0.4269765227832055
0.4154482855035075
0.18862672092802346
0.1421113574220087
0.29425332159823153
0.4559011445012648
0.2681524046994625
0.27870668760998535
0.33160202876071815
0.46053908416169853
0.3214031305327796
0.2499115901016689
0.42751658702970624
0.22740451320550625
0.4273986604931293
0.11308012597276507
0.18849700268169184
0.14629506924102897
0.27928508066444485
0.22303951363249647
0.27500567427817707
0.37565779805890814
0.29224818990786844
0.450919695108331
0.3456214397528661
0.3168591892335794
0.3320170304264874
0.24333102025269232
0.3456214397528661
0.24048595560025426
0.46053908416169853
0.2298031569390468
0.4087614748179551
0.4184741473742016
0.18051209051756145
0.2517904182503864
0.14779487051960138
0.4360647775303699
0.2383416441334752
0.14225352831477672
0.275592448943012
0.19951461289353367
0.2796245457007517
0.42635210497412324
0.27866306410498526
0.13714250939039957
0.21086365927322992
0.10664616190531945
0.1797689915672735
0.4559011445012648
0.3456214397528661
0.32076945783168037
0.2996882341514178
0.46053908416169853
0.23047955787604585
0.2974516407726655
0.3456214397528661
0.33160202876071815
0.39083924403349424
0.10551133076202884
0.2517904182503864
0.4073508206882592
0.13714250939039957
0.09083189848860745
0.27253255174901286
0.1757884253429579
0.3710047568255008
0.37205488775847534
0.21086365927322992
0.2652742214111244
0.3025138867634138
0.2536771218733442
0.285264340576631
0.2809115085825302
0.2663313431799004
0.20607596080067347
0.3906304589204472
0.3906304589204472
0.2183037035167793
0.15367076801963514
0.22303951363249647
0.2183037035167793
0.4154482855035075
0.34155164949894035
0.29853368139683567
0.0807328925993957
0.24488612336665455
0.28835155282607966
0.2183037035167793
0.28835155282607966
0.275592448943012
0.46053908416169853
0.13714250939039957
0.1302837823595427
0.21086365927322992
0.2499115901016689
0.4360647775303699
0.2940251260290143
0.13000128031316505
0.2851845352080947
0.14253923468103413
0.35064638974250995
0.27866306410498526
0.20305381840945336
0.15199742696836055
0.275592448943012
0.1882045832180998
0.27253255174901286
0.293736681433571
0.38495654802359447
0.29853368139683567
0.2017811374646365
0.4154482855035075
0.1020911949587241
0.46053908416169853
0.32998195848770934
0.09007123521122334
0.3320170304264874
0.3617058372023878
0.28835155282607966
0.3456214397528661
0.3128290350003525
0.24414845940921237
0.3532818939981098
0.21086365927322992
0.2681524046994625
0.27500567427817707
0.25086527141305265
0.3546879306687621
0.25156003771793356
0.46053908416169853
0.3331621564776624
0.4360647775303699
0.27923300344501945
0.14600357818021337
0.42751658702970624
0.4360647775303699
0.28357438909759686
0.3518885412471274
0.1186286201418204
0.11062505173645049
0.31707734286761186
0.26458174080866
0.2183037035167793
0.275592448943012
0.3617058372023878
0.3624105507428411
0.33193226044557284
0.22412396915117805
0.2183037035167793
0.31465584099488675
0.14629506924102897
0.44510721718587454
0.38495654802359447
0.2253897701013412
0.2809115085825302
0.36871754324543476
0.2251694854658443
0.39145097984208
0.14629506924102897
0.46053908416169853
0.3155664373355724
0.14629506924102897
0.3518885412471274
0.12130817967522983
0.14736242266267013
0.13600498002688227
0.17179866521810544
0.3008564707957871
0.3735672006201541
0.276014709922609
0.17200153301602616
0.1536706538525458
0.1550469564935199
0.18478938992804694
0.1744509455013637
0.19216845317981973
0.1617203997050744
0.19062458896623224
0.208173945507297
0.3013047604889481
0.13093103320963984
0.1536706538525458
0.14915573277977673
0.12104322622301211
0.16720275047653793
0.1550469564935199
0.17005680908490334
0.1346724327614942
0.1658980634997671
0.14921843874737306
0.2862347339045495
0.11265483689800382
0.32950525596977254
0.14921843874737306
0.32019684227503875
0.19570490910548916
0.11891533850889596
0.31044812897233
0.18231943902653142
0.1550469564935199
0.3008564707957871
0.3008564707957871
0.30783293511817206
0.2019451411214776
0.16046811497488706
0.21894133943336358
0.3008564707957871
0.36612715637660476
0.28376141491141077
0.19868131704539416
0.09190069352975294
0.14701479522129912
0.3008564707957871
0.18600476677937106
0.21154135207873997
0.1999151581686216
0.16191273844258502
0.1536706538525458
0.3008564707957871
0.14629795148166547
0.22438042623305593
0.254248887555456
0.3013047604889481
0.1536706538525458
0.1658114737446333
0.19409855898059142
0.2195457710297511
0.19062458896623224
0.2161317511330622
0.1839956238506007
0.14921843874737306
0.3629791782960172
0.243741963023289
0.2604273682453137
0.17280516547286856
0.19409855898059142
0.18205995948422693
0.32950525596977254
0.11915823470047604
0.34894774689292857
0.19216845317981973
0.21837711560738987
0.3629791782960172
0.1459222809207648
0.2142611936577064
0.31044812897233
0.13148435445764628
0.15470509099216156
0.39704340611041083
0.3295478314995338
0.12833925948754515
0.11530511498863683
0.33253112482127184
0.16534997682194436
0.11143284348670918
0.21158297731051323
0.10386404827597312
0.15262719889894133
0.1689111867438925
0.16121064289396864
0.09750252506836099
0.09908793539373845
0.3008564707957871
0.12836717246415186
0.19409855898059142
0.32950525596977254
0.13004574567958965
0.08115900612519267
0.16720275047653793
0.16653669185790565
0.16506071868312017
0.12151396703931827
0.10399534058264959
0.08264031948039241
0.1658980634997671
0.1196223260789459
0.2574838292866596
0.21516346427590194
0.18364746415536226
0.1346724327614942
0.13933124314662387
0.09006462451207375
0.23062664273541345
0.16376272581736373
0.16121064289396864
0.14498171035522428
0.07487170891101608
0.3008564707957871
0.31044812897233
0.18231943902653142
0.124243106559141
0.14172506864898793
0.3008564707957871
0.33253112482127184
0.1794437379299526
0.2138978440082478
0.18168813682312523
0.14549382051480048
0.1536706538525458
0.14549382051480048
0.2318204704766053
0.1689111867438925
0.12933805443439755
0.18231943902653142
0.12635538275244534
0.1617203997050744
0.24164223363160064
0.21679944152887998
0.208173945507297
0.2592519922649171
0.1760336433969945
0.1536706538525458
0.14130933470005702
0.10945695660421922
0.16720275047653793
0.22227076817477198
0.20045854292826926
0.21706971919587675
0.11210257241902305
0.3629791782960172
0.243741963023289
0.07918091457175935
0.17127342643474935
0.32950525596977254
0.14921843874737306
0.34894774689292857
0.33056137138911607
0.16121064289396864
0.21837711560738987
0.21579336135277605
0.21579336135277605
0.13590851873116466
0.16467621437453828
0.3008564707957871
0.3008564707957871
0.1442174626716996
0.11530511498863683
0.20275647550395653
0.3008564707957871
0.31253579376518553
0.18280324884037014
0.10786507074508744
0.1853453078780306
0.16461142335411982
0.2511953898928312
0.1442174626716996
0.09750252506836099
0.13004574567958965
0.3008564707957871
0.14518715465539195
0.254248887555456
0.18231943902653142
0.13004574567958965
0.13004574567958965
0.08490336470439114
0.19409855898059142
0.21900868130603252
0.22604839207463145
0.16680906890354125
0.22260350851945132
0.1443294909234885
0.16720275047653793
0.21154135207873997
0.32950525596977254
0.14552632378330438
0.2574838292866596
0.18583121498503163
0.19570490910548916
0.21579336135277605
0.21579336135277605
0.12862793830660263
0.3008564707957871
0.28911957656749715
0.11159112310005914
0.13696588448214386
0.3008564707957871
0.23982506394081848
0.13453085886460037
0.17179866521810544
0.3008564707957871
0.22638138367691296
0.08559215938955422
0.19973028734388126
0.14341457287830506
0.09317705137285365
0.2511953898928312
0.16121064289396864
0.09908793539373845
0.1065522568507824
0.19409855898059142
0.32950525596977254
0.13004574567958965
0.08115900612519267
0.10080140581674896
0.16720275047653793
0.18597918278106157
0.21900868130603252
0.16068459242859606
0.10164284185636463
0.16680906890354125
0.22260350851945132
0.22972240620352125
0.13008566587851672
0.32950525596977254
0.2862347339045495
0.17574695027254217
0.19570490910548916
0.19216845317981973
0.12862793830660263
0.18231943902653142
0.124243106559141
0.10872115412232669
0.3008564707957871
0.1794437379299526
0.18231943902653142
0.16046811497488706
0.22638138367691296
0.3008564707957871
0.3735672006201541
0.276014709922609
0.1806108267766321
0.1536706538525458
0.18805087102018148
0.22146214960671612
0.14570004088347366
0.21579336135277605
0.16191273844258502
0.1536706538525458
0.27260004391745174
0.208173945507297
0.3013047604889481
0.134012483315875
0.1419872743192631
0.16720275047653793
0.22227076817477198
0.15598142255819752
0.1346724327614942
0.26974618273470935
0.2893969676087167
0.1443294909234885
0.15131546760180237
0.32143057496805244
0.32234124774179934
0.22906122059946904
0.21837711560738987
0.3629791782960172
0.19049123718997218
0.2714997179663031
0.31044812897233
0.1673570744512436
0.3008564707957871
0.3008564707957871
0.3247540894585721
0.2019451411214776
0.16620551289008528
0.16534997682194436
0.39704340611041083
0.36612715637660476
0.2138978440082478
0.2996396180955652
0.25326403550420157
0.13453085886460037
0.21156863706248313
0.23669431186506745
0.2155338818104714
0.1744509455013637
0.18231943902653142
0.1536706538525458
0.3008564707957871
0.37881695397750204
0.1411871141838808
0.169922859654622
0.3008564707957871
0.1878711170042664
0.20962967495232737
0.14629795148166547
0.20737365024856197
0.12474413211604429
0.2574838292866596
0.243741963023289
0.3034247681790028
0.17280516547286856
0.18205995948422693
0.10203169592277772
0.32019684227503875
0.21579336135277605
0.22741955526289448
0.21579336135277605
0.3629791782960172
0.31044812897233
0.32950525596977254
0.39704340611041083
0.2019451411214776
0.15790993257839486
0.39704340611041083
0.2138978440082478
0.28376141491141077
0.22963912733124525
0.3008564707957871
0.18600476677937106
0.20948814825251733
0.19394563293665001
0.1744509455013637
0.1999151581686216
0.16506345935607591
0.3008564707957871
0.169922859654622
0.254248887555456
0.1411871141838808
0.1536706538525458
0.3008564707957871
0.13523295441321703
0.22227076817477198
0.20962967495232737
0.169922859654622
0.16720275047653793
0.22604839207463145
0.13436352116941175
0.2862347339045495
0.243741963023289
0.3034247681790028
0.18205995948422693
0.13436352116941175
0.3038348558259623
0.2574838292866596
0.21579336135277605
0.23710615906999372
0.21579336135277605
0.3629791782960172
0.15689520563463932
0.2142611936577064
0.31044812897233
0.11285157603675944
0.39704340611041083
0.39704340611041083
0.3003928908746227
0.13036924244040154
0.13228791437006593
0.17179866521810544
0.3008564707957871
0.3735672006201541
0.15931512554944022
0.16692504565621563
0.12192959350017679
0.1420453692948409
0.14549382051480048
0.18951996631859058
0.17280516547286856
0.14570004088347366
0.1442174626716996
0.11721354949165136
0.22464905340933183
0.19987828718847994
0.18239273230188746
0.13488190108362214
0.20804620207626773
0.11689700084776866
0.14284875306149214
0.116974442318519
0.1390022549957134
0.14921843874737306
0.2862347339045495
0.22260350851945132
0.1346724327614942
0.13933124314662387
0.32950525596977254
0.14921843874737306
0.2574838292866596
0.21579336135277605
0.12635538275244534
0.23982506394081848
0.31044812897233
0.053467229121361703
0.13371840408868713
0.17756827251533086