14.28571428571429
14.28571428571429
7.411385606874332
14.28571428571429
5.1557465091299655
5.1557465091299655
7.948442534908695
3.1149301825993514
3.6519871106337254
4.403866809881851
3.222341568206233
3.4371643394199736
2.2556390977443663
1.933404940923733
3.1149301825993514
1.933404940923733
1.5037593984962405
1.3963480128893702
1.2889366272824887
1.1815252416756183
1.5037593984962405
0.6444683136412444
0.6444683136412444
0.6444683136412444
0.537056928034374
0.537056928034374
0.6444683136412444
0.10741138560687036
0.6444683136412444
0.21482277121375182
0.3222341568206222
0.0
0.3222341568206222
0.0
0.10741138560687036
0.0
0.10741138560687036
0.21482277121375182
0.10741138560687036
0.21482277121375182
0.0
0.0
0.0
0.0
0.0
0.0
0.0
0.0
0.0
0.0
0.0
0.0
0.0
0.0
0.0
0.0
0.0
0.0
0.0
0.0
0.0
0.0
0.0
0.0
0.0
0.0
0.0
0.0
0.0
0.0
0.0
0.0
0.0
0.0
0.0
0.0
0.0
0.0
0.0
0.0
0.0
0.0
0.0
0.0
0.0
0.0
0.0
0.0
0.0
0.0
0.0
0.0
0.0
0.0
0.0
0.0
0.0
0.0
0.0
0.0
0.0
0.0
0.0
0.0
0.0
0.0
0.0
0.0
0.0
0.0
0.0
0.0
0.0
0.0
0.0
0.0
0.0
0.0
0.0
0.0
0.0
0.0
0.0
0.0
0.0
0.0
0.0
0.0
0.0
0.0
0.0
0.0
0.0
0.0
0.0
0.0
0.0
0.0
0.0
0.0
0.0
0.0
0.0
0.0
0.0
0.0
0.0
0.0
0.0
0.0