0.5432514445225554
0.5054329496923993
0.30898113365812835
0.4734514484098037
0.12450940895614815
0.5751883688190125
0.2074526982307059
0.3075002507392442
0.2699881442754192
0.28678765994546673
0.3905125314870231
0.36197852117408014
0.5432514445225554
0.3249315367852793
0.18124076717816534
0.24582823147516764
0.5054329496923993
0.5751883688190125
0.3527696087070386
0.4734514484098037
0.15716669547926437
0.4094836889983559
0.4734514484098037
0.3249315367852793
0.06253541905013793
0.4806364411218037
0.34670846958615137
0.0759295513164418
0.5285140637653015
0.5285140637653015
0.35494448133287526
0.13553816218241527
0.17021021889278443
0.2529916833244039
0.4026436287842761
0.46528452534834164
0.12730215043569126
0.4322600299956255
0.12730215043569126
0.4457325993336822
0.36612206531933245
0.2183196266140346
0.5285140637653015
0.5285140637653015
0.4457325993336822
0.35494448133287526
0.25361549192943045
0.2100836148673108
0.4734514484098037
0.13485198360388478
0.4067485565844436
0.28678765994546673
0.28678765994546673
0.35494448133287526
0.3249315367852793
0.1629195467877672
0.5054329496923993
0.2601607685579143
0.2950646103460357
0.1716291331771202
0.5432514445225554
0.35494448133287526
0.5432514445225554
0.46528452534834164
0.2830052611580704
0.4067485565844436
0.24488524733849232
0.3197674754813541
0.5432514445225554
0.37249514817122514
0.4067485565844436
0.05573221675806456
0.3197674754813541
0.16641663352640756
0.4734514484098037
0.29542162253802534
0.32026732664903856
0.28678765994546673
0.3881610752022393
0.35494448133287526
0.4067485565844436
0.41834044012542565
0.03723727344100303
0.5751883688190125
0.34712501049794087
0.2517268052776921
0.46528452534834164
0.4067485565844436
0.15716669547926437
0.4734514484098037
0.27823752162605464
0.34670846958615137
0.500188367136463
0.30898113365812835
0.35494448133287526
0.5432514445225554
0.3690304915786655
0.4110224069654583
0.3115314637346303
0.4734514484098037
0.5432514445225554
0.4734514484098037
0.17021021889278443
0.28945947131142186
0.2183196266140346
0.3249315367852793
0.5751883688190125
0.08224048843198689
0.35494448133287526
0.24761821262670858
0.3197674754813541
0.563417905553423
0.2829467412340515
0.3905125314870231
0.36720045730944056
0.30898113365812835
0.23131314650865253
0.17099736280113242
0.2183196266140346
0.5432514445225554
0.28468411306511016
0.5751883688190125
0.2183196266140346
0.28678765994546673
0.3527696087070386
0.29542162253802534
0.12353591383907359
0.11225343297958279
0.28678765994546673
0.0759295513164418
0.3985125448377198
0.20904667394744791
0.34712501049794087
0.5285140637653015
0.06975148992822
0.5751883688190125
0.09194496364088156
0.563417905553423
0.333565499377838
0.34712501049794087
0.28977611642400747
0.28678765994546673
0.40839098584349376
0.15716669547926437
0.4734514484098037
0.3197674754813541
0.4322600299956255
0.4457325993336822
0.29542162253802534
0.12730215043569126
0.35894516765049017
0.2183196266140346
0.4457325993336822
0.36571602291642746
0.3108477510436686
0.4415145241133465
0.4734514484098037
0.5054329496923993
0.18124076717816534
0.2183196266140346
0.10620975541070438
0.3146396985820664
0.12730215043569126
0.46528452534834164
0.27712759211824134
0.4734514484098037
0.2514101601651064
0.10699269256761612
0.3500171983624267
0.2183196266140346
0.1124635749800817
0.3517017049870775
0.21258794790843716
0.3985125448377198
0.35494448133287526
0.5751883688190125
0.18242282596652393
0.2514101601651064
0.07707642712806156
0.34712501049794087
0.35204924648037944
0.3201123221839225
0.2183196266140346
0.4734514484098037
0.3690304915786655
0.35494448133287526
0.4067485565844436
0.3197674754813541
0.36571602291642746
0.16905389060396442
0.4734514484098037
0.15716669547926437
0.4734514484098037
0.5751883688190125
0.2183196266140346
0.24582823147516764
0.1995123629221468
0.3881610752022393
0.16880905308419575
0.23802280395118924
0.2678672413580745
0.35204924648037944
0.4046965346293839
0.35268900972838185
0.33081218112830585
0.35246322034070754
0.27712759211824134
0.12450940895614815
0.3902817151708637
0.38470653300349567
0.17021021889278443
0.4734514484098037
0.5054329496923993
0.28678765994546673
0.36612206531933245
0.20914123964094516
0.24803071669668642
0.2699881442754192
0.6299619126326212
0.2678672413580745
0.4067485565844436
0.030746536661957036
0.4734514484098037
0.5285140637653015
0.19319083651379404
0.2471905507872606
0.35494448133287526
0.4457325993336822
0.35494448133287526
0.36720045730944056
0.3197674754813541
0.2138980537012815
0.4026436287842761
0.26758264271134596
0.2100836148673108
0.3197674754813541
0.35204924648037944
0.03723727344100303
0.35494448133287526
0.35494448133287526
0.15222512010749228
0.3985125448377198
0.12450940895614815
0.3699863422611599
0.3716651941681998
0.5432514445225554
0.5432514445225554
0.5751883688190125
0.3249315367852793
0.35494448133287526
0.35494448133287526
0.4046965346293839
0.5882144141240186
0.35204924648037944
0.34554956188555974
0.1391590897334018
0.35204924648037944
0.5054329496923993
0.5432514445225554
0.3197674754813541
0.3146396985820664
0.4734514484098037
0.18124076717816534
0.4734514484098037
0.35204924648037944
0.28678765994546673
0.4734514484098037
0.13827329459632748
0.4322600299956255
0.3181822670095915
0.5751883688190125
0.20844054143493573
0.0457979712476832
0.2601607685579143
0.6299619126326212
0.23802280395118924
0.3690304915786655
0.28678765994546673
0.07707642712806156
0.3197674754813541
0.35494448133287526
0.5751883688190125
0.3649072978997303
0.3774864861820168
0.3249315367852793
0.4734514484098037
0.27712759211824134
0.1124635749800817
0.23802280395118924
0.29542162253802534
0.1124635749800817
0.4734514484098037
0.3576796137467876
0.24582823147516764
0.36197852117408014
0.27792621679664087
0.40839098584349376
0.23881374324608257
0.5432514445225554
0.41834044012542565
0.35921833171388995
0.4046965346293839
0.4067485565844436
0.35204924648037944
0.5751883688190125
0.3197674754813541
0.33098118043235
0.30898113365812835
0.3051402149467131
0.35494448133287526
0.5751883688190125
0.3201123221839225
0.4734514484098037
0.33098118043235
0.5751883688190125
0.20904667394744791
0.18124076717816534
0.23733085775230295
0.5432514445225554
0.4806364411218037
0.29542162253802534
0.27792621679664087
0.20844054143493573
0.1967147947542674
0.5432514445225554
0.4806364411218037
0.3119648438094826
0.35204924648037944
0.35921833171388995
0.563417905553423
0.5751883688190125
0.5285140637653015
0.5751883688190125
0.42677946002512757
0.4457325993336822
0.45157596859572324
0.4322600299956255
0.36720045730944056
0.29542162253802534
0.5751883688190125
0.3893939310221022
0.17021021889278443
0.36720045730944056
0.11225343297958279
0.3197674754813541
0.19319083651379404
0.2074526982307059
0.5285140637653015
0.22105475902794697
0.5751883688190125
0.2471905507872606
0.4457325993336822
0.29542162253802534
0.20904667394744791
0.2349835846938983
0.5285140637653015
0.5285140637653015
0.2022013850709638
0.1506885728685915
0.36571602291642746
0.563417905553423
0.35494448133287526
0.2749974400709905
0.4457325993336822
0.5751883688190125
0.4067485565844436
0.2601607685579143
0.5054329496923993
0.2838775426214831
0.5081219718412163
0.11353038475246141
0.20262904691041178
0.2183196266140346
0.3197674754813541
0.3197674754813541
0.36612206531933245
0.4674370358471466
0.4067485565844436
0.5751883688190125
0.4734514484098037
0.3881610752022393
0.35246322034070754
0.32508600061503407
0.4734514484098037
0.24361754728645696
0.5751883688190125
0.28945947131142186
0.4539110692080271
0.5054329496923993
0.2074526982307059
0.3197674754813541
0.20568831847961294
0.5432514445225554
0.3108477510436686
0.10699269256761612
0.35494448133287526
0.24830665217411468
0.3240413258623686
0.49172956403818313
0.3075002507392442
0.13827329459632748
0.28678765994546673
0.07260219109734695
0.2183196266140346
0.563417905553423
0.4734514484098037
0.39160245417360645
0.4067485565844436
0.5751883688190125
0.3197674754813541
0.3527696087070386
0.4734514484098037
0.4457325993336822
0.441420613294813
0.1124635749800817
0.3197674754813541
0.5285140637653015
0.13827329459632748
0.0838472823939988
0.34712501049794087
0.27792621679664087
0.500188367136463
0.4806364411218037
0.28678765994546673
0.3690304915786655
0.35268900972838185
0.32026732664903856
0.3197674754813541
0.36720045730944056
0.3825030609167223
0.23802280395118924
0.500188367136463
0.500188367136463
0.28678765994546673
0.27792621679664087
0.3197674754813541
0.28678765994546673
0.5285140637653015
0.38470653300349567
0.35921833171388995
0.06975148992822
0.2529916833244039
0.36720045730944056
0.28678765994546673
0.36720045730944056
0.35494448133287526
0.5751883688190125
0.13827329459632748
0.13189128062056543
0.28678765994546673
0.2601607685579143
0.5432514445225554
0.3690304915786655
0.11353038475246141
0.34712501049794087
0.19027708180435415
0.333565499377838
0.3075002507392442
0.25749731878317056
0.17021021889278443
0.35494448133287526
0.22259347699504928
0.34712501049794087
0.29542162253802534
0.4806364411218037
0.35921833171388995
0.21697953603742137
0.5285140637653015
0.11225343297958279
0.5751883688190125
0.3902817151708637
0.10082796981419123
0.35246322034070754
0.46528452534834164
0.36720045730944056
0.4734514484098037
0.4046965346293839
0.3249315367852793
0.43960037641750527
0.28678765994546673
0.35494448133287526
0.36612206531933245
0.3051402149467131
0.44489243342425633
0.2678672413580745
0.5751883688190125
0.4067485565844436
0.5432514445225554
0.3825030609167223
0.13298102834517994
0.5054329496923993
0.5432514445225554
0.3500171983624267
0.3576796137467876
0.10699269256761612
0.10250467398205632
0.3527696087070386
0.29542162253802534
0.28678765994546673
0.35494448133287526
0.46528452534834164
0.3665756205412628
0.38470653300349567
0.20844054143493573
0.28678765994546673
0.35204924648037944
0.2183196266140346
0.5432514445225554
0.4806364411218037
0.24447030559512511
0.36720045730944056
0.4313664854304319
0.29930670875623994
0.4871613539484176
0.2183196266140346
0.5751883688190125
0.4067485565844436
0.2183196266140346
0.3576796137467876
0.1629195467877672
0.20287107701596668
0.1294422188409312
0.16793682858879833
0.32066764378178164
0.3838971821987416
0.35220944008364075
0.24911851778394617
0.17126418880789324
0.18511353329072117
0.20621044932685328
0.15997294923534555
0.2694279756520215
0.21230025351219145
0.26004706393459776
0.20888980658008638
0.39116430128417135
0.14912354568613756
0.17126418880789324
0.1610985584378547
0.11553166435205958
0.17623252005697015
0.18511353329072117
0.1703824245878373
0.13872041359314508
0.18122267723834762
0.16390195291379178
0.31738358175859044
0.10715288617087748
0.4188314306259101
0.16390195291379178
0.4069378479696526
0.24911851778394617
0.12675781530783237
0.35421017527978144
0.2694279756520215
0.18511353329072117
0.32066764378178164
0.32066764378178164
0.3354732977571741
0.2694279756520215
0.20630630828424545
0.234493727224853
0.32066764378178164
0.3838971821987416
0.35220944008364075
0.285652541447586
0.12342898489523374
0.19349016529854318
0.32066764378178164
0.25167043192677596
0.24911851778394617
0.2694279756520215
0.19763258210149431
0.17126418880789324
0.32066764378178164
0.21901099923029949
0.271407850454
0.30794736973606185
0.39116430128417135
0.17126418880789324
0.21290263368942308
0.20888980658008638
0.2714385653597992
0.26004706393459776
0.26943998774381295
0.18987003998904672
0.16390195291379178
0.4188314306259101
0.28165281285909516
0.29299327156557986
0.20621044932685328
0.20888980658008638
0.24911851778394617
0.4188314306259101
0.09927483829377481
0.4069378479696526
0.2694279756520215
0.24911851778394617
0.4188314306259101
0.20765526389486527
0.26465590906871933
0.35421017527978144
0.16633705335232696
0.18362221954382046
0.4102219099928438
0.3354732977571741
0.16633705335232696
0.13565382210230764
0.36170370848607997
0.20905209823227422
0.12811874290196723
0.285652541447586
0.1270519331295874
0.18665852331219374
0.20621044932685328
0.20287107701596668
0.12295468159804196
0.1047072901718385
0.32066764378178164
0.14857950962708155
0.20888980658008638
0.4188314306259101
0.17126418880789324
0.0709370020763544
0.17623252005697015
0.17186653189160295
0.22947695821411435
0.16865495643858125
0.10021303160089617
0.05981714850342057
0.18122267723834762
0.10027259887662832
0.31738358175859044
0.2494366573530628
0.17322111366517268
0.13872041359314508
0.20621044932685328
0.10027259887662832
0.25085745017371347
0.20621044932685328
0.20287107701596668
0.16798012678470198
0.08068576107388081
0.32066764378178164
0.35421017527978144
0.2694279756520215
0.16446504959953212
0.20905209823227422
0.32066764378178164
0.36170370848607997
0.1860698427832856
0.23787391803485397
0.24911851778394617
0.14857950962708155
0.17126418880789324
0.14857950962708155
0.271407850454
0.20621044932685328
0.12479594338382433
0.2694279756520215
0.12675781530783237
0.21230025351219145
0.24112526800378348
0.2284997819969069
0.20888980658008638
0.3007541008788947
0.22947695821411435
0.17126418880789324
0.16999456523232986
0.10021303160089617
0.17623252005697015
0.2265169563145436
0.23040250065550089
0.25167043192677596
0.0876009601562181
0.4188314306259101
0.28165281285909516
0.10715288617087748
0.24911851778394617
0.4188314306259101
0.16390195291379178
0.4069378479696526
0.3584196464628887
0.20287107701596668
0.24911851778394617
0.2694279756520215
0.2694279756520215
0.1632918389714721
0.20581569325648208
0.32066764378178164
0.32066764378178164
0.16633705335232696
0.13565382210230764
0.234493727224853
0.32066764378178164
0.3584555532061627
0.24911851778394617
0.13565382210230764
0.21230025351219145
0.18665852331219374
0.2614207981026651
0.16633705335232696
0.12295468159804196
0.17126418880789324
0.32066764378178164
0.18665852331219374
0.30794736973606185
0.2694279756520215
0.17126418880789324
0.17126418880789324
0.0780195578882345
0.20888980658008638
0.28224053764725926
0.2802802403943231
0.20172044774394793
0.2494366573530628
0.1481889508751758
0.17623252005697015
0.24911851778394617
0.4188314306259101
0.125069107447224
0.31738358175859044
0.20737311805662523
0.24911851778394617
0.2694279756520215
0.2694279756520215
0.15948870526168174
0.32066764378178164
0.30835543660948767
0.16446504959953212
0.1868586245196126
0.32066764378178164
0.29522601478920285
0.16633705335232696
0.16793682858879833
0.32066764378178164
0.234493727224853
0.07177326479785323
0.20459124434014375
0.1457433548761367
0.10567144116998833
0.2614207981026651
0.20287107701596668
0.1047072901718385
0.0876009601562181
0.20888980658008638
0.4188314306259101
0.17126418880789324
0.0709370020763544
0.06216372045458057
0.17623252005697015
0.15997294923534555
0.28224053764725926
0.1908484301512427
0.10067110244682947
0.20172044774394793
0.2494366573530628
0.2722786768211482
0.11553166435205958
0.4188314306259101
0.31738358175859044
0.20621044932685328
0.24911851778394617
0.2694279756520215
0.15948870526168174
0.2694279756520215
0.16446504959953212
0.1784819925117907
0.32066764378178164
0.1860698427832856
0.2694279756520215
0.20630630828424545
0.234493727224853
0.32066764378178164
0.3838971821987416
0.35220944008364075
0.2156836390112048
0.17126418880789324
0.2156836390112048
0.271407850454
0.15997294923534555
0.2694279756520215
0.19763258210149431
0.17126418880789324
0.30768216663983816
0.20888980658008638
0.39116430128417135
0.12284030436632565
0.13772513806472114
0.17623252005697015
0.2265169563145436
0.1703824245878373
0.13872041359314508
0.31599355598911744
0.3273340146956021
0.1481889508751758
0.20621044932685328
0.3717608421181313
0.3650838992960809
0.31126923433673465
0.24911851778394617
0.4188314306259101
0.2298487376075269
0.33626207949350106
0.35421017527978144
0.18362221954382046
0.32066764378178164
0.32066764378178164
0.3354732977571741
0.2694279756520215
0.20737311805662523
0.20905209823227422
0.4102219099928438
0.3838971821987416
0.23787391803485397
0.35220944008364075
0.35220944008364075
0.16633705335232696
0.28224053764725926
0.271407850454
0.24911851778394617
0.15997294923534555
0.2694279756520215
0.17126418880789324
0.32066764378178164
0.4405693163920221
0.17464437961789409
0.21901099923029949
0.32066764378178164
0.23040250065550089
0.25167043192677596
0.21901099923029949
0.24013098929111187
0.13196502861733472
0.31738358175859044
0.28165281285909516
0.3638680383592418
0.20621044932685328
0.24911851778394617
0.062454104046472114
0.4069378479696526
0.2694279756520215
0.24911851778394617
0.2694279756520215
0.4188314306259101
0.35421017527978144
0.4188314306259101
0.4102219099928438
0.2694279756520215
0.20905209823227422
0.4102219099928438
0.23787391803485397
0.35220944008364075
0.35220944008364075
0.32066764378178164
0.25167043192677596
0.22956659176928684
0.24911851778394617
0.15997294923534555
0.2694279756520215
0.1632918389714721
0.32066764378178164
0.21901099923029949
0.30794736973606185
0.17464437961789409
0.17126418880789324
0.32066764378178164
0.1610985584378547
0.2265169563145436
0.25167043192677596
0.21901099923029949
0.17623252005697015
0.2802802403943231
0.13196502861733472
0.31738358175859044
0.28165281285909516
0.3638680383592418
0.24911851778394617
0.13196502861733472
0.3717608421181313
0.31738358175859044
0.2694279756520215
0.24911851778394617
0.2694279756520215
0.4188314306259101
0.20765526389486527
0.26465590906871933
0.35421017527978144
0.1615832096609136
0.4102219099928438
0.4102219099928438
0.3354732977571741
0.16633705335232696
0.1294422188409312
0.16793682858879833
0.32066764378178164
0.3838971821987416
0.17131701939879918
0.24911851778394617
0.1294422188409312
0.17914961534756496
0.14857950962708155
0.2284997819969069
0.20621044932685328
0.15997294923534555
0.16633705335232696
0.11819048998076148
0.20459124434014375
0.2284997819969069
0.20888980658008638
0.13478299573515956
0.21893179429112186
0.10021303160089617
0.1860698427832856
0.10067110244682947
0.14856539071523134
0.16390195291379178
0.31738358175859044
0.2494366573530628
0.13872041359314508
0.20621044932685328
0.4188314306259101
0.16390195291379178
0.31738358175859044
0.2694279756520215
0.12675781530783237
0.29522601478920285
0.35421017527978144
0.024371421739258048
0.13925879462042728
0.1860698427832856