0.22940252863354216
0.02351995576353716
0.2667592685932218
0.12467712164314282
0.04830716431541959
0.43275006865533155
0.26790369894363186
0.5012795713998527
-0.0073698473107288165
0.379847895525467
0.15825397842790517
0.2729992962143954
0.1964351147281792
0.3156184041728124
0.2057573839951749
-0.10538551094204757
-0.04007212856589071
0.2479303396038035
-0.04803416246871145
0.11912414337729876
0.14054901267040903
0.10772465117887176
0.08703296864181737
0.10469282106129119
-0.08791388043292142
0.22933415477161812
0.17110090405592887
0.2998527561693864
-0.10772465117887176
0.48991889304758096
-0.049162249092714605
0.5220489705074008
0.2618035199457007
0.177574899379568
0.3722116265632643
0.4207652604722652
0.10197091116610363
0.3690194820324553
0.42238064170034983
0.26560340181241887
0.07972830824924759
0.03984859028503751
0.23906511646459766
0.2667592685932218
0.03303224565534807
0.34943777985022695
0.31002661206081317
0.07972830824924759
0.2848440373273821
0.4040918521286894
0.1964351147281792
0.2699366926718188
0.1514863013342843
0.07972830824924759
0.11853678527173794
0.3468853936854443
0.12992831450704634
0.2479303396038035
0.5068713635118519
0.2254166512465987
0.18792557617282524
0.18131947707283624
0.3108847086347899
0.215983730000798
0.35521235862598044
0.5068713635118519
0.23794765838076282
0.1281703111699945
0.26678113193754244
-0.007452547231701634
0.26425127609375926
0.2063361042188992
0.3736028119782369
0.2302134359096661
0.44669456881363084
-0.02462515053868719
0.26697642416971606
0.3269899763030857
0.16440104079587153
0.1712709318536692
0.356273104961077
0.31503036316493566
0.33558374335165736
0.14251425678989982
0.06984395163494295
0.48001790355686097
0.5220489705074008
0.22567012276367548
0.35736981753754005
0.17753801628658417
0.0457106447370228
0.2593132962220077
0.386803898365828
0.05124011952034574
0.3827799651785351
0.08938735624831268
0.17439742916875695
-0.07972830824924759
-0.0126620180160405
0.35879335078861274
0.2780560755516238
0.1047783981283888
0.03984859028503751
-0.0012704887807320486
0.03984859028503751
0.3561858871691154
0.5220489705074008
-0.08185232174973217
0.26672238550023813
0.11625337074501596
0.3481410287553518
0.5034927753832898
0.16666390832983352
0.5068713635118519
0.4353575322748289
0.037713874175122786
0.0702639660234512
0.19709698832519734
0.24468475625407687
0.36331109707792936
0.030031512313334008
0.35879335078861274
0.08635719772052813
0.400986925389842
0.32606433854291417
-0.0044677083983040156
0.1079455162837194
0.44477212139140565
0.09668077871351854
0.40669931574818663
0.19928519341434642
0.38394378060725576
0.24899144181098865
0.37388051791545684
0.4207652604722652
0.0778239676575182
0.2621206471012391
0.35879335078861274
0.4040918521286894
0.28352565969244187
0.31846066675312623
0.28411238969099006
0.1220862503225521
0.4040918521286894
0.4247246538325592
0.24931215066349222
0.1258070824703595
0.10078622768169554
0.40669931574818663
0.229484852675231
0.19975912058257106
0.46547908090103013
0.1584165032359483
0.07972830824924759
0.0012704887807320486
0.21943357825779736
0.15433398861972591
-0.07972830824924759
0.041150206744942186
0.2807803545262942
0.35879335078861274
0.2892729569504264
0.31147206674035055
0.17369584286006778
0.32606433854291417
0.40177829664260833
0.40669931574818663
0.11640206916182327
0.19975912058257106
0.29033405915761173
0.3256237258424527
0.2576294362394532
0.2490021822594085
0.38568279357137436
0.19660514252591954
0.02815429707842132
0.1712709318536692
0.379847895525467
0.3921070439456229
0.37397030350248806
0.23587402596492685
0.5220489705074008
0.19255051832771392
0.1952922317535462
-0.0012704887807320486
0.0963525640687351
0.08207549378374507
-0.01980117644420082
0.10197091116610363
0.2529747370637961
0.14471223456583865
0.4207652604722652
0.36331109707792936
0.216685990537771
0.03203481271425618
0.041150206744942186
0.06769434754209286
0.2541816271241184
0.10658176820423859
0.30917691176526507
0.1503036282263352
0.024960161191713515
0.10617866996652758
0.5220489705074008
0.48991889304758096
0.15462467073166103
0.08205182598093624
0.3921070439456229
0.43778727278031826
0.2708551536750105
0.09668077871351854
0.15608562194199316
0.379847895525467
0.4375582486958991
0.129758286709306
0.05307700215890515
0.07972830824924759
0.3921070439456229
0.28220147536875545
0.31242249511499165
0.07972830824924759
0.09668077871351854
0.1964351147281792
0.12992831450704634
0.19386139638566952
0.08791388043292142
0.037713874175122786
0.26425127609375926
0.36331109707792936
0.129758286709306
0.1428006617558204
0.0593494407478764
0.129758286709306
0.3269899763030857
0.08559036270123294
0.1826539270951838
0.29426096405738716
0.5012795713998527
0.372357872140314
0.088085739788408
0.22915062913515544
0.356273104961077
0.3061689211605556
0.5012795713998527
0.5068713635118519
-0.0014940270615853568
0.07972830824924759
0.27505076965024394
0.4234375174673735
0.0681925899846168
-0.015871677412502394
0.3561858871691154
0.027217699948169638
0.4032924127579248
0.3841964347463308
0.48991889304758096
0.07972830824924759
0.057339248574371005
0.1584165032359483
0.2876329550211901
0.07999916185875744
0.13376649046275346
0.07972830824924759
0.034633550693053794
0.11640206916182327
0.17740548994234384
0.06918388072841636
0.40669931574818663
0.24635499909781322
0.2254166512465987
0.2765666064603964
0.10772465117887176
0.1801445178609264
-0.09780476620120854
0.10197091116610363
0.43682086437438794
0.2374768756061647
0.3853501945358618
0.22940252863354216
0.07972830824924759
0.2462390272637458
0.08360663329026169
0.48001790355686097
0.07972830824924759
0.10197091116610363
0.29814499699035385
-0.051470495038530906
-0.038063941024431336
0.11418420604631313
0.15768979365814256
0.37397030350248806
0.12802207053539633
0.356273104961077
0.5094233138389195
0.2729992962143954
0.4040918521286894
0.12992831450704634
0.381311227625026
0.20371672629118037
0.07972830824924759
0.4434973503458646
0.33098609151657676
0.3921070439456229
0.314930487614454
0.40669931574818663
0.2188806336332072
0.1584165032359483
0.2571356938079187
0.009225685446220988
0.21725597584370865
0.33641928716163266
0.009456060964405988
0.3188622162669964
0.14554028502481603
0.3148783088605517
0.11085114778943916
0.35879335078861274
0.10840445858183817
0.11615938527381736
0.3588359932740201
0.35879335078861274
0.26272748591991796
0.17887497710091832
0.1428006617558204
0.42440834806953803
0.33629046978675686
0.09668077871351854
0.10772465117887176
0.40566472177004376
0.24548148333253839
0.15629248973546384
0.19975912058257106
0.19767956359423344
0.04074394529339276
0.05763311815655947
0.43158976792086734
0.356273104961077
0.3657052919778586
0.3755466624917562
0.2456728008473475
0.1964351147281792
0.23810105206657955
0.10197091116610363
0.16843877179855526
0.4026285200291303
0.144756771470833
0.1191723633881826
0.06233977961647319
0.4523818895748452
0.37397030350248806
0.14029759220543186
0.3292205568434232
-0.109410455758581
0.3841964347463308
0.17948264426390825
0.28761875037359874
0.1935936063883884
0.1389076822122261
0.19815853336186046
0.2479303396038035
0.20666297934166328
0.4802831679463346
0.24894974755131843
0.2667592685932218
0.029928705307374348
0.1279654577526183
0.13623228203294496
0.22771979376727863
0.3603689900428658
0.2188806336332072
0.2862722710878118
0.0012704887807320486
0.20233017118715307
0.5220489705074008
0.3381865514730622
0.037713874175122786
0.24635499909781322
0.07972830824924759
0.1573483557862695
0.1428006617558204
0.379847895525467
0.49519551055241035
0.2769672067430499
0.04357592862710796
0.2578223435005201
0.08742648266919001
0.4199966731857285
0.25646419356599376
0.42585628349356097
0.12992831450704634
0.37397030350248806
0.25194679120981245
0.17067433676144006
0.25268560560540787
0.24830899021640762
0.2828900462087877
0.31846066675312623
0.027217699948169638
0.37100843755765356
0.09004859654283626
0.22664672209076242
0.32606433854291417
0.1584165032359483
0.15655539676396912
0.35407488612012955
-0.0007786429814543028
0.35879335078861274
0.20579035870701629
-0.029352416058084474
0.06754285626882406
0.20666297934166328
0.2254166512465987
0.22638071564461698
0.19626745314554395
-0.019481842955738293
0.40669931574818663
0.2066063665588852
0.3537651124616146
0.013379649128228976
0.2254166512465987
0.2662504164801719
0.05925216186811827
0.2407951944843476
0.20666297934166328
0.2490021822594085
0.13104852089480612
0.3381865514730622
0.36331109707792936
0.1874738017572395
0.2254166512465987
0.16618426383301987
0.48001790355686097
0.24548148333253839
0.37012054984281345
0.3050147487400264
0.12467712164314282
0.2188806336332072
0.08791388043292142
0.07972830824924759
0.2254166512465987
0.35879335078861274
0.07332801910408338
0.4028816244665922
0.23156510136011693
0.3840233747536752
-0.1514863013342843
0.3468853936854443
0.28528418363617836
0.5164571783954016
0.2369375852229032
0.08559036270123294
0.24899144181098865
0.3719366674019375
0.5220489705074008
0.21978410689945754
0.037713874175122786
0.263889694960372
0.31368999200309905
-0.14507623808733267
0.14563721207567726
0.24818256031154523
0.305728308460094
0.5068713635118519
0.29033405915761173
0.43275006865533155
0.09355242577952
0.284334655559846
0.4735906429109188
0.2971355371135508
0.2777319655304702
0.07972830824924759
0.48331035976616615
0.08559036270123294
0.4750619676765168
0.037713874175122786
0.1661108470678873
0.07972830824924759
0.3802635675422003
0.33160848866019654
0.28379389348929923
0.2607794950661991
0.09004859654283626
0.2528264964291979
0.2748190869914624
-0.07693105175959009
-0.10435921940570936
0.08278630098593792
0.379847895525467
0.09891634367640345
0.2876329550211901
0.1872025407619196
0.1584165032359483
0.4180869590953247
0.18062076125607052
0.34340572363413335
0.10254283316550389
0.07722312725191888
0.379847895525467
0.2316254122039833
0.1584165032359483
0.12195521174795515
0.22933415477161812
0.08998828569897
0.16854535560003275
0.16843877179855526
0.344201078986049
0.29951226255539526
0.2188806336332072
0.29426096405738716
0.19556161735452238
0.23559305956711712
0.21221165650960672
0.11056368251264687
0.2224260232843685
0.08703296864181737
0.22690378591540977
0.37397030350248806
0.344201078986049
0.08824334758712327
0.037713874175122786
0.45298600581830595
0.32761488843443476
0.5220489705074008
0.40267538256089364
0.19975912058257106
0.1514863013342843
0.5220489705074008
0.027217699948169638
0.2892729569504264
0.356273104961077
0.5220489705074008
0.29426096405738716
0.21683423117236927
0.07972830824924759
0.23287438956672019
0.5220489705074008
0.06923213402229461
0.1403281671147339
0.26272748591991796
0.40669931574818663
0.30475190750441733
0.48001790355686097
0.011360401556135713
0.39777220645528005
0.2254166512465987
0.16155359279424147
0.2621315408792409
0.36331109707792936
0.2939517756122643
0.07972830824924759
0.11640206916182327
0.43682086437438794
0.3675561499328963
0.2998795420628207
0.16703010833687265
0.4394534173566177
0.22574611840080033
0.12467712164314282
-0.03984859028503751
0.177574899379568
0.3086712553781817
0.08791388043292142
0.2435282372561145
0.3802635675422003
0.25272602649474124
-0.10102482479539265
0.32952275941701764
0.36331109707792936
-0.0012704887807320486
0.16865124122313774
0.36331109707792936
0.305728308460094
0.03662369986981745
0.3061689211605556
0.35801523256102574
0.15774468650844614
0.3916198261761813
0.46786054857757414
0.1964351147281792
0.3693502986273255
0.21827654387367673
0.1957508414651905
-0.16843877179855526
0.25748119560485505
0.2246969080706333
0.40669931574818663
0.20371672629118037
0.46547908090103013
0.2165147645558696
-0.04803416246871145
0.20074431210689997
0.2992790950148697
0.1960998144225245
0.2377728150648309
0.18361629888848707
0.23794765838076282
0.20765956491278537
0.3921070439456229
0.12898631902186336
0.49519551055241035
0.20564211807241806
0.07652235119761325
0.10145804440919753
0.020643283478948005
0.07913103639996605
0.4207652604722652
0.47887502058222775
0.42618796533624054
0.3827331026467718
0.05361629254216671
0.45202156062723686
0.216685990537771
0.3921070439456229
0.24500295328477145
0.04007212856589071
0.11550364799543605
0.37383214857274066
0.35309754998140763
0.125954488904283
0.19978006362043282
0.18868964760814705
0.034169528824171014
0.2792522452153829
0.09445406334254536
0.2912898974869949
0.07972830824924759
0.1584165032359483
0.388914899414814
0.33182673244623395
0.24012296421472507
0.13045909989500548
0.4207652604722652
0.3142586708869521
0.5012795713998527
-0.04074394529339276
0.4429929840025846
0.5220489705074008
0.365438150309168
0.03937816515497372
0.43682086437438794
0.22483015349957391
0.48432710093558173
0.07972830824924759
-0.07972830824924759
0.29379457462074043
0.2249783941341721
0.3382491334680755
0.20765956491278537
0.2845905474583576
0.12467712164314282
0.22509333125482128
0.314930487614454
0.37285929551269126
0.09847310710863538
0.18373168432667558
0.5220489705074008
0.13139121388945924
0.2254166512465987
0.06923213402229461
0.002165843789087296
0.4264443245014378
0.2254166512465987
0.239385842165951
0.2801808819610385
0.10197091116610363
0.2280504828205004
0.379847895525467
0.2912898974869949
0.2460918213425657
0.041150206744942186
0.22509333125482128
0.36331109707792936
0.07178447339141975
0.121131236439737
0.36331109707792936
0.5068713635118519
0.32761488843443476
0.21769678257117103
-0.09422177584683644
0.11057475136891759
0.08207549378374507
0.35879335078861274
0.2528712381823373
0.07972830824924759
0.11529812577587162
0.10988370308132855
0.28319678315762725
0.03984859028503751
0.30564513358933537
0.23688481799832678
0.37100843755765356
0.09668077871351854
0.32606433854291417
0.3802635675422003
0.29174421345594564
0.41219478736963683
0.4394534173566177
0.33812206910460824
0.1991761870025221
0.23363846100204205
0.32761488843443476
0.4351133704268153
0.15806800748585942
0.43682086437438794
0.5220489705074008
0.4026285200291303
0.3408901066971743
-0.01648764589764351
0.17948264426390825
0.314930487614454
0.38618866312931416
0.13471728804856647
0.1102209635698313
0.1072586470304383
-0.027217699948169638
0.1540930216837827
0.42413646355440726
0.2254166512465987
0.24635499909781322
0.18199129380033824
0.10197091116610363
0.037713874175122786
-0.0012704887807320486
0.21943357825779736
-0.05445353073583353
0.3061689211605556
0.0880241799187289
0.22184058633721254
0.19975912058257106
0.338505278178844
0.29762738291282875
0.08141362018672671
0.43859653933740117
0.3468853936854443
0.48991889304758096
0.09668077871351854
0.016970246921436782
0.2745890898490393
0.1712709318536692
0.1584165032359483
0.15973306749655786
0.07332801910408338
0.056309214950030606
0.07972830824924759
0.088085739788408
0.18115791770445078
-0.07972830824924759
-0.04074394529339276
0.5220489705074008
0.379847895525467
0.3526584165523337
0.1584165032359483
0.14375201786968633
0.3022828629413689
0.26792043168066526
0.25044362530394493
0.20122245268213024
0.20139248047987057
0.24922957215397673
0.46010075232921077
0.3856007093602173
0.32846270561090707
0.35879335078861274
0.24468475625407687
0.09668077871351854
-0.028997568914059246
0.2633918628454418
0.356273104961077
0.5068713635118519
0.05527483636635466
0.1964351147281792
0.25194679120981245
0.2740881642721897
0.3841964347463308
0.2124303893693829
0.4933554759006254
0.49519551055241035
0.5012795713998527
0.31147206674035055
0.061307732010729865
0.0012704887807320486
0.41227144619316664
0.1428006617558204
0.3209635705929435
0.5164571783954016
-0.07253663606649091
0.04007212856589071
0.2992129183201945
0.059917537503297535
0.08602847124401869
0.344201078986049
-0.187626807225711
0.5220489705074008
-0.12467712164314282
0.5220489705074008
0.21230700575544542
0.17110090405592887
0.024440175981760404
0.12644544197395596
0.305728308460094
0.275749579986604
0.23363846100204205
0.29426096405738716
0.356273104961077
0.35711868919666245
0.12533899524016096
0.07972830824924759
0.12992831450704634
-0.08991189140557887
0.1960998144225245
0.12195521174795515
0.2254166512465987
0.0937725487550175
0.1042639579562078
0.24468475625407687
0.32606433854291417
0.23602226659952508
0.07972830824924759
0.0213261690627205
0.053748818886407146
0.1514863013342843
0.22509333125482128
0.19839979478956787
0.18534469871589343
-0.010643176612932403
-0.06199584395605473
0.23794765838076282
0.356273104961077
0.08208656264001563
0.06637209070176497
0.33889793340625407
0.03984859028503751
0.3188622162669964
0.07972830824924759
0.10486284885903152
0.10102482479539265
0.3657052919778586
0.3304656180962969
-0.037713874175122786
0.28352565969244187
0.37397030350248806
0.018987726825512807
0.21769678257117103
0.37397030350248806
-0.07972830824924759
0.1584165032359483
0.12278348366084335
0.10197091116610363
0.059956477091978655
0.3545212854069492
0.2075270385685451
0.19975912058257106
0.4531888111399649
0.15137922845477247
0.12891923110491038
0.1584165032359483
0.07972830824924759
0.027217699948169638
0.29488587618873624
0.12598026449104038
0.17309347097421235
0.03984859028503751
0.305728308460094
0.35879335078861274
0.2254166512465987
0.28220147536875545
0.25799824520672043
0.09609368953873948
0.3921070439456229
0.19077399121777566
0.12467712164314282
0.22104173146342443
-0.03984859028503751
0.22509333125482128
0.37285929551269126
0.17824474272168378
0.10180088336836329
0.4245218207599411
0.19466025125945746
0.04794173878860686
0.18746082176268752
0.5068713635118519
0.2740881642721897
0.4040918521286894
0.41692544699202927
0.3269899763030857
0.27000837146357304
0.2311286198320195
0.15845544282462942
0.2378632949186517
0.1964351147281792
0.48991889304758096
0.07972830824924759
0.4002636920345363
-0.06265771755307281
0.3929084996405758
0.356273104961077
0.23499432074554139
0.29275425661799853
0.314930487614454
0.1514863013342843
0.3906905743778272
-0.009456060964405988
0.3537651124616146
0.15153058159813354
0.2384661816787194
0.3440415967454119
0.12992831450704634
0.3310536591041735
0.37828071160605176
0.4353575322748289
0.14130690151357173
-0.012275421657403973
0.18867476552800894
0.314930487614454
0.2978624366019505
-0.07972830824924759
0.3657819508013884
0.279494321124038
0.4353575322748289
0.2667592685932218
0.3432452416597998
-0.06352946881599236
0.43682086437438794
0.2835684433768978
0.05425364936015514
0.2602721412364139
0.1948457224180593
0.10772465117887176
0.41692544699202927
0.21769678257117103
0.15687871675574627
0.1574219356875896
0.338505278178844
0.3969495019799396
0.3524771857974435
0.5220489705074008
0.2866654933309291
0.10772465117887176
0.3657052919778586
0.5012795713998527
0.385948057960848
0.39695752219060126
0.1826539270951838
0.04074394529339276
0.14812319409548247
0.24773903240938855
0.37285929551269126
0.186515229750516
0.35185388781132004
0.356273104961077
0.2059739724454333
0.19785467183919514
0.388914899414814
0.12667477856845982
0.037723384588460085
0.09445406334254536
0.1964351147281792
-0.13286825121306584
0.533576921372463
0.43275006865533155
0.11795251579235588
0.5220489705074008
0.09668077871351854
0.27473243501624023
0.06062829381948048
0.5034927753832898
0.2059159055296787
0.2729992962143954
0.2516191411528698
0.08995617286273172
0.30503141927116495
0.37828071160605176
0.17274796917727603
0.21835865616818917
0.2866654933309291
0.39767917439060296
0.5012795713998527
0.25689761373091513
-0.09004859654283626
0.1964351147281792
0.23784462662040196
0.25748119560485505
0.36535669840156365
0.5164571783954016
0.41361125693743256
0.1374171424676378
0.2673110233954366
0.2779956487151642
0.3921070439456229
0.2549001288450339
0.36814083084420807
0.2729992962143954
0.33125142410440994
0.344201078986049
0.12992831450704634
0.27291605354032905
0.22915062913515544
0.10670378990962659
0.36331109707792936
0.15182980933346385
0.2892729569504264
0.1286435481860419
0.12992831450704634
0.3985360524098195
0.3749612618454295
0.15629248973546384
0.4353575322748289
0.32021639644407546
0.1514863013342843
0.4797933643899104
0.23363846100204205
0.33078970233334015
0.36331109707792936
0.41361125693743256
0.11640206916182327
0.3561858871691154
0.1964351147281792
0.23862824632097462
0.11853678527173794
0.3061689211605556
0.06784493321466162
0.30288661291705626
0.4026285200291303
0.462708215948708
0.29289471359675406
0.19178966060209018
0.3131016535713709
0.5220489705074008
0.23003874137869335
0.0012704887807320486
-0.1300306980919903
0.344201078986049
0.4033011271392893
0.4222356825028729
0.5220489705074008
0.28528418363617836
0.18598967186358178
0.242746872450312
0.2846468107456936
0.37447467674077595
0.26517451621319194
0.15736551027258183
0.25218672371965584
0.356273104961077
0.314930487614454
0.22771979376727863
0.35879335078861274
0.17948264426390825
0.1584165032359483
0.4207652604722652
0.3657052919778586
0.3921070439456229
0.22722143564083375
0.1539511726146806
0.09668077871351854
0.3471657458115317
0.15488945050245134
0.43682086437438794
0.12992831450704634
0.08987856874509592
0.15495808236184477
0.07972830824924759
0.12467712164314282
0.10842896640273192
0.2615326060933625
0.24468475625407687
0.33889793340625407
0.35879335078861274
-0.03986706389452099
0.1826539270951838
0.28060333812538263
0.3969495019799396
0.19539221387075179
0.38484410369575767
0.35937803169992444
0.2578223435005201
0.2254166512465987
0.35807645592830006
0.11640206916182327
0.32761488843443476
0.2573899081389431
0.22852901286826738
0.314930487614454
0.1964351147281792
0.5220489705074008
0.4350690901629659
0.314930487614454
0.12884960441699383
0.2667592685932218
0.27724011973119217
0.09371803352250024
0.24635499909781322
0.2384661816787194
0.3836920701702242
0.15879096172685397
0.20124130312935884
0.2616758426309695
0.2460918213425657
0.23379405005395176
0.5220489705074008
0.0006265470678598062
0.36535669840156365
0.17971711066762114
0.05466634463939374
0.15800951745172975
0.229484852675231
0.1584165032359483
-0.07972830824924759
0.27255802199906287
0.32606433854291417
0.049346481538046494
-0.041150206744942186
0.03984859028503751
0.379847895525467
0.3802347027246462
0.24696444197721268
0.2479083899337542
0.03984859028503751
0.0008642273291825098
0.19396087240569826
0.08995617286273172
0.4353575322748289
0.3210726383758511
0.10617866996652758
-0.07972830824924759
0.5164571783954016
-0.04082199210015852
-0.04074394529339276
0.3537651124616146
0.355816426701599
0.2690783893239561
0.03984859028503751
0.48432710093558173
0.2188641109889965
0.3657819508013884
0.21562315015533495
0.40669931574818663
0.07972830824924759
0.09668077871351854
0.35879335078861274
0.40669931574818663
0.3561858871691154
0.3411181884285612
0.059956477091978655
0.18868964760814705
-0.07972830824924759
0.2708551536750105
0.2729992962143954
0.07972830824924759
0.27730914787479005
0.3396950968487811
0.31503036316493566
0.24468475625407687
0.4802831679463346
0.18199129380033824
0.361595956962673
0.07322192911235587
0.31705047202910636
0.35879335078861274
0.09273291948590745
0.03984859028503751
0.3921070439456229
0.11415776969380026
0.2515678045312392
0.3657052919778586
0.3412354190284007
0.2184835456322906
0.29254791148701415
0.23937849374863956
0.314930487614454
0.0457106447370228
0.2219247393652401
0.029352416058084474
0.2382710798643199
0.05176971271221181
0.34285429936984546
0.10772465117887176
0.41692544699202927
0.3160030376277453
0.3930546560888411
0.22328857468317026
0.04074394529339276
0.32761488843443476
0.17948264426390825
0.36100761853094476
0.3471959616461134
0.347572282068191
0.2835684433768978
0.07972830824924759
0.2877224070589058
0.19557256332937756
0.2434955845765659
0.12533899524016096
0.314930487614454
0.22989171256425212
0.20765956491278537
0.24830899021640762
0.05361629254216671
0.10772465117887176
0.017569247564034995
0.4307640299736797
0.1514863013342843
0.18604132190170108
0.22328857468317026
0.028096508349034544
0.1964351147281792
0.03984859028503751
0.051256656037681425
0.23976894267457965
0.12173086859265975
0.10079424789235736
0.1584165032359483
0.2235588370231562
0.2726310794713587
0.06923213402229461
-0.03794424969330784
-0.07946903534108962
0.07972830824924759
0.08609902013883719
0.2841128721646443
0.40669931574818663
0.24468113975408234
0.19975912058257106
0.37432262761225027
0.030332119592499984
0.40669931574818663
0.20666297934166328
0.02926683171035599
0.2188806336332072
0.2078776830353029
0.43087533159107233
0.2254166512465987
0.2059739724454333
0.3526584165523337
0.32606433854291417
0.0778239676575182
0.40669931574818663
0.3468853936854443
0.23810105206657955
0.1743008262505406
0.20408926099915348
0.07972830824924759
0.21583588950297228
0.13053917609512805
0.3841964347463308
0.2075270385685451
0.088085739788408
0.0795408020084653
0.324873171702624
0.25194679120981245
0.09668077871351854
0.26425127609375926
0.2571356938079187
0.0778239676575182
0.04006105970962004
0.4121184553817816
0.14280868196648222
0.24104577474244937
-0.09668077871351854
0.29897942872587047
0.5220489705074008
0.3642034205821702
0.5220489705074008
0.19660514252591954
0.14474256682324177
0.2728808089958616
0.025669882529101684
0.32606433854291417
0.2690783893239561
0.36331109707792936
0.36331109707792936
0.20074431210689997
0.37834678307091135
0.07972830824924759
-0.009456060964405988
0.24500295328477145
0.11358670563085699
0.2254166512465987
0.14251425678989982
0.4104901106522895
0.07972830824924759
0.46786054857757414
0.388914899414814
0.2740881642721897
0.1428006617558204
0.2637667222481361
0.34733745660707677
0.07972830824924759
0.3969495019799396
0.31313783446893406
0.13960292629969817
0.5068713635118519
0.05307700215890515
0.07214333561967529
0.3690194820324553
0.027217699948169638
0.058272705006953585
0.33125142410440994
0.2479303396038035
0.11795251579235588
0.2213676789792276
0.40669931574818663
0.33470889169137763
0.08208656264001563
0.1584165032359483
0.3028584616394261
0.10814639585021091
0.2675198313980117
0.21944215087490154
0.033999501026430456
0.2287707410070972
0.36331109707792936
0.3561858871691154
0.32243798777068017
0.026739876676561025
0.3106156204971509
0.1514863013342843
0.23430343182148788
0.3794226431256422
0.16843877179855526
0.37545904813467496
0.19952541879919283
0.20765956491278537
0.45633075800595757
0.27874286344784677
0.15039715429896194
0.3943249692083716
0.3921070439456229
0.13104852089480612
0.33629046978675686
0.07972830824924759
0.10772465117887176
0.344201078986049
0.4335066743197912
0.10670378990962659
0.338505278178844
0.26879153741397166
0.1584165032359483
0.2553049386174046
0.5220489705074008
0.22328857468317026
0.19557256332937756
-0.049335778928616236
0.23135651975213656
0.5220489705074008
0.31433772238796726
0.03583130504909399
0.3561197513902226
0.006443359643038771
0.36889613560012313
0.2200197210923644
0.2562312517874408
0.33629046978675686
0.5050965000431302
0.11640206916182327
0.13846004332506506
0.3028584616394261
0.23403025634752317
0.5164571783954016
0.1712709318536692
0.356273104961077
0.18314213575999722
0.344201078986049
0.0457106447370228
0.3422179234167718
0.43682086437438794
0.20371672629118037
0.2846758034555111
0.012085728766750736
0.343106009806877
0.37397030350248806
0.40669931574818663
0.48001790355686097
0.22916412697387778
0.13474740988302392
0.22328857468317026
0.3724532693459671
0.45088680909846646
0.1428006617558204
0.4531888111399649
0.29684393412643933
0.1584165032359483
0.13713281874350436
0.09136330896794609
0.3694266680317548
0.20774528573207124
0.08559036270123294
0.23378670163664034
0.24116519001209702
0.32354409271537843
0.3690194820324553
0.26702452265488
0.16912768174996085
-0.10636556031881145
0.1649785842786921
0.23559305956711712
0.37285929551269126
0.08208656264001563
0.2728808089958616
0.3504431597074587
0.09668077871351854
0.07972830824924759
0.379847895525467
0.2254166512465987
0.21978410689945754
0.1514863013342843
0.20564211807241806
0.09668077871351854
0.4529482059714986
0.13665220233791459
0.04074394529339276
0.13739785675777572
0.14243056642439933
0.13714055121951174
0.379847895525467
0.12992831450704634
0.2893613925131168
0.11415776969380026
0.2254166512465987
0.1964351147281792
0.39861564655623893
0.40669931574818663
0.07972830824924759
0.140895621362783
0.04074394529339276
0.3104593334004801
0.40584999879774425
0.5068713635118519
0.23759219995352965
0.03984859028503751
0.011601858468042014
0.31629745562259626
0.3184298746229433
0.07972830824924759
0.21227459532074683
0.2581696690685
0.20765956491278537
0.3403642662473095
0.2549001288450339
0.0772653774945492
0.3025932075777677
0.17860382766808042
0.39797827366575433
0.499504707931131
0.25627092742838664
-0.049335778928616236
0.48001790355686097
0.12292899061055323
0.20122245268213024
0.1485884458511772
0.28877583799582307
0.3827799651785351
0.07972830824924759
0.15799314456009528
0.2317130692208043
0.2460918213425657
0.4207652604722652
0.43682086437438794
0.16438029031650364
0.09618893291424074
0.2369375852229032
0.14919465905378593
0.1900890585669167
0.1834022171724738
0.08479740367893257
0.1013354778891758
0.379847895525467
0.3256237258424527
0.29813203904324836
0.1584165032359483
0.24931215066349222
0.388914899414814
0.3868323362036443
0.18613806156942064
0.4052828461803908
0.19201582227339836
0.48991889304758096
0.12467712164314282
0.26272748591991796
0.07972830824924759
0.38812352014374
0.02335824784944046
0.03984859028503751
0.14484588713386942
0.5012795713998527
0.0963525640687351
0.17108697984452237
0.20732135299148607
0.49519573946887707
0.3921070439456229
0.26560274753074503
0.08995617286273172
0.36278695101437447
0.40669931574818663
0.3657052919778586
0.06914654967456624
-0.011360401556135713
0.059956477091978655
0.11467063645070624
0.356273104961077
0.5012795713998527
0.2516836134545649
0.2061681262374203
0.43682086437438794
0.15394136760435778
0.3471188832797684
-0.04442030363347527
0.30361150385963226
0.43153773720771454
0.2892729569504264
0.23908411578952576
0.37397030350248806
0.047502078568844974
0.35407488612012955
0.22771979376727863
0.25902733352625495
0.48991889304758096
0.06062829381948048
0.15165260330352148
0.11363126142172275
-0.04057391749565242
0.16976552839923514
0.41757311594145624
0.27609369097777503
0.05124011952034574
0.11056368251264687
0.17303083035804168
0.036802361223007785
0.06637209070176497
0.4353575322748289
0.4353575322748289
0.37397030350248806
0.07972830824924759
0.2188806336332072
0.2993607335741156
0.22509333125482128
0.20564211807241806
0.1753290359370972
0.16703010833687265
0.4207652604722652
0.19975912058257106
0.5068713635118519
0.3061689211605556
0.10190427154833126
0.35937803169992444
0.29033405915761173
0.09421784795882016
0.19975912058257106
0.11415776969380026
0.03984859028503751
0.24330419339907072
0.5220489705074008
0.5220489705074008
0.314930487614454
0.33889793340625407
0.2604919209570331
0.32606433854291417
0.041150206744942186
0.10772465117887176
0.10197091116610363
0.19785467183919514
0.3468853936854443
0.07332801910408338
0.35879335078861274
0.3657052919778586
0.17861002362926126
0.3511896789988247
0.32243798777068017
0.35937803169992444
0.23878542546159698
0.2025126868676303
0.07972830824924759
0.14386515707029857
0.379847895525467
0.1955624940935322
0.3921070439456229
0.21562315015533495
0.2765980843094177
0.3874515673152549
0.40669931574818663
0.08791388043292142
0.1964351147281792
0.41637641308147316
0.2740881642721897
0.04007212856589071
0.2667592685932218
0.4884608354657779
0.3690194820324553
0.1823088407431817
0.2536796493634277
-0.10535245660945797
0.1209202850387523
0.3096960571133755
0.27874286344784677
0.33303402806802984
0.09737002528573935
0.1712709318536692
0.21769678257117103
0.041150206744942186
0.32354409271537843
0.37149824111407764
0.5220489705074008
0.3130874479684352
0.25462986650504776
-0.04074394529339276
0.4011987406325827
0.4353575322748289
-0.0126620180160405
0.2690783893239561
0.21928472202493765
0.12992831450704634
0.23050571394447616
0.14872703808029303
0.2124303893693829
0.09416992151035675
0.2607794950661991
0.17089809873427003
0.19559496787628028
0.12467712164314282
0.059956477091978655
0.318563111381731
0.29504370565556304
0.07972830824924759
0.4026285200291303
0.35879335078861274
0.5068713635118519
0.20205309356525114
0.059956477091978655
-0.07972830824924759
-0.04038452591547065
0.36331109707792936
0.26613669020271447
0.16049493694072747
0.43682086437438794
0.22690378591540977
0.14065941690213496
0.4207652604722652
0.356273104961077
0.33478399326825886
0.5220489705074008
0.3921070439456229
0.11641277177125386
0.20505860515860713
0.43682086437438794
0.12958596493374602
0.09668077871351854
0.4531888111399649
0.37397030350248806
0.3079104617420251
0.3561197513902226
0.41219478736963683
0.15291896920154502
0.04817365135806723
0.4079983376991227
0.2667592685932218
0.18452869086402457
0.4449404190503155
0.350764426599
0.02546707720744268
0.3990021692568963
0.356273104961077
0.3657052919778586
0.07972830824924759
0.344201078986049
0.22982600057089608
0.37397030350248806
0.20371672629118037
0.0884057262321995
-0.002165843789087296
-0.13470013283925053
0.22210175222232514
0.06914654967456624
0.16843877179855526
0.338505278178844
0.18850421697865422
0.40056449170523895
0.3657819508013884
0.20219683314613912
0.3845727649209211
0.5220489705074008
0.5220489705074008
0.3183885105725279
0.4134084516157736
0.3269899763030857
0.14812319409548247
0.4449404190503155
0.4353575322748289
0.36916371285196214
0.33382311122221536
0.2317130692208043
0.17078400393847804
0.21384440944829475
0.1012601548499204
0.1260740873488862
0.3929639219648395
0.33864308237025004
0.22328857468317026
0.17187679542839246
0.27874286344784677
0.29762738291282875
0.1712709318536692
0.35879335078861274
0.22313441093925712
0.15832477353859553
0.09552755195945262
0.10197091116610363
0.08609902013883719
0.29453512392219516
0.3024544162374078
0.5164571783954016
0.3880362482265666
0.07972830824924759
0.27495082115746505
0.3352596948291173
0.25604682575012444
0.2835684433768978
0.0012704887807320486
0.4245617159542319
0.09891634367640345
0.11007966972078381
0.46357608749919804
0.15049210122438367
0.1584165032359483
0.1712709318536692
0.18452869086402457
0.07972830824924759
0.07972830824924759
0.18312453299482667
0.5164571783954016
0.36331109707792936
0.07972830824924759
0.24635499909781322
0.17948264426390825
0.40921136229813626
0.4353575322748289
0.33629046978675686
0.2667592685932218
0.413283019935684
0.3916198261761813
0.27874286344784677
0.2075270385685451
0.19975912058257106
-0.011360401556135713
0.4494703395306707
0.11057475136891759
0.33629046978675686
0.3921070439456229
0.4040918521286894
0.1428006617558204
0.32129666300380455
0.09668077871351854
0.1584165032359483
0.338505278178844
0.1167462238936176
0.3060133935163108
0.059956477091978655
0.11089713463501061
-0.09022318152726794
0.35879335078861274
0.062084496479590745
0.35879335078861274
0.05341727725710266
0.2254166512465987
0.13665220233791459
0.26214204897276205
0.34081769144491625
0.3554791607340159
0.2490021822594085
0.39547824702776496
0.03203481271425618
0.22054686125733813
0.19975912058257106
0.36151032732755056
0.3921070439456229
0.17753801628658417
-0.037713874175122786
0.388914899414814
0.3481410287553518
0.32606433854291417
0.3841964347463308
0.009727041658836366
0.1485044541267979
0.16843877179855526
0.2188806336332072
0.372357872140314
0.18954938037814678
-0.02948270885637283
0.372357872140314
0.2971355371135508
0.46306543309259
0.356273104961077
0.3701584303698117
0.08844466582088062
0.15165260330352148
0.22341059638855792
0.3107193644463859
0.037713874175122786
0.5220489705074008
0.19559496787628028
0.2578223435005201
0.047771053028780874
0.3356643021295317
0.5050965000431302
0.2319783342471715
0.24716590637393715
0.4011987406325827
-0.00011726202666639818
0.17259972854267774
0.3162004810492516
0.1584165032359483
0.19660514252591954
0.22564616135144278
0.07331999889342156
0.3921070439456229
-0.07924485813023507
0.424861145554054
-0.037713874175122786
0.08791388043292142
0.19357782389612704
0.5164571783954016
0.284334655559846
0.011360401556135713
0.26041637512808835
0.1097487634594716
0.11054947786505542
0.3461988738058977
0.1964351147281792
-0.0012704887807320486
0.43682086437438794
0.2528264964291979
0.17274796917727603
0.4040918521286894
0.10197091116610363
0.2059330059811882
0.17110090405592887
0.13767443961424547
0.388914899414814
0.28528418363617836
0.27291605354032905
-0.00599631808426021
0.0695682943459055
0.5220489705074008
0.24468475625407687
0.34937626507082253
0.314930487614454
0.05124011952034574
0.356273104961077
0.09863168193234567
0.18676425582690942
0.10446314243569799
0.19975912058257106
0.09668077871351854
0.24924377680156817
-0.0820223495474725
0.16049493694072747
0.3603689900428658
0.034433472710132695
0.22509333125482128
0.34125534459158596
0.40267538256089364
0.12898631902186336
0.2740881642721897
0.19209861628296138
0.2214852046073203
0.25089112958778176
0.37397030350248806
0.23001197151294167
0.3838420324209935
-0.05777446256442964
0.2403064592717281
0.4035074386233266
0.24500295328477145
0.35937803169992444
0.35879335078861274
0.3657052919778586
0.16547341925007897
0.1584165032359483
0.3001003035632719
0.20074431210689997
0.388914899414814
0.5220489705074008
0.17013562373065644
0.28567950586132507
0.26913919418392684
0.03838569090262467
0.1584165032359483
0.09025997688295989
0.31368999200309905
0.23742877562890613
0.4353575322748289
0.3965821052632763
0.2254166512465987
0.305728308460094
0.04918752259657677
0.08210448127106845
0.4207652604722652
0.2835684433768978
0.12992831450704634
0.48001790355686097
0.055715653575182045
0.2334966389823659
0.2125250337936485
-0.07972830824924759
0.2893173068547299
-0.07253663606649091
0.2317130692208043
0.2254166512465987
0.07857508149518166
0.015760028490304778
0.29379457462074043
0.26061854501350873
0.0693831927694527
0.2254166512465987
0.3061689211605556
0.1743008262505406
-0.04346831772950366
0.12202963753977403
0.40669931574818663
-0.024561808961134468
0.004054955042977537
0.10988370308132855
0.3217051712047634
0.40669931574818663
0.29502878699681034
0.29987803769441607
0.2479303396038035
0.48001790355686097
-0.037713874175122786
-0.07972830824924759
0.20645812592428692
0.4207652604722652
0.36331109707792936
0.34310481419420086
0.1964351147281792
0.5220489705074008
0.47887502058222775
0.2578223435005201
0.3696988922036204
0.2893173068547299
0.12568749099024978
0.40669931574818663
0.43859653933740117
0.4026285200291303
0.3381865514730622
0.2671243982053617
0.028681032047728705
0.10772465117887176
0.32606433854291417
0.283488980994666
0.5220489705074008
0.32606433854291417
0.07972830824924759
0.3194995891574811
0.0006941995314421745
0.1584165032359483
0.27922530045048966
0.22590443939878274
0.2667592685932218
-0.11640206916182327
0.40669931574818663
0.4207652604722652
0.43859653933740117
0.21634531113418537
0.3802635675422003
0.07972830824924759
0.10658176820423859
0.12290524437346184
0.1584165032359483
0.26466951875969424
0.19709698832519734
-0.043508461135710164
0.3921070439456229
0.07972830824924759
0.07972830824924759
0.3944401673280307
0.36331109707792936
0.5220489705074008
0.15550038704042313
0.40669931574818663
0.265848590495884
0.2621206471012391
0.1964351147281792
0.46547908090103013
0.29985341045106023
0.09198117411381668
0.2772982540967885
0.18952281066933213
0.16036815215540223
0.4434973503458646
0.5220489705074008
0.3382491334680755
-0.07972830824924759
0.45707729104284656
0.4614332879316319
0.20154245560662404
0.05466634463939374
0.19975912058257106
0.13768718580709888
0.4345070580037431
0.3921070439456229
0.1964351147281792
0.24404639675048057
0.1584165032359483
0.3982670004382294
0.09891634367640345
0.10197091116610363
0.07636988889233098
0.24255499777048117
0.356273104961077
0.29684393412643933
0.02683852371230533
0.4052828461803908
0.16703010833687265
0.08680357113225495
0.1712709318536692
0.16843877179855526
0.10527386485815998
0.4353575322748289
0.25748119560485505
0.25748119560485505
0.13286825121306584
0.5220489705074008
0.05935459635474677
0.16757622039975362
0.2667592685932218
0.19975912058257106
0.11640206916182327
0.2188806336332072
0.1679469259992773
0.2846758034555111
0.1712709318536692
0.17948264426390825
0.4807775501069539
0.35937803169992444
0.3612652664667567
0.36331109707792936
0.27874286344784677
0.3165400888701624
0.39695752219060126
0.15687871675574627
0.28528418363617836
0.270423305889148
0.4335066743197912
0.24461893193373674
0.5164571783954016
0.027217699948169638
0.12992831450704634
0.054064946206529574
0.1212416305719125
0.30226497057601914
0.07857508149518166
0.5164571783954016
0.19975912058257106
0.5220489705074008
0.21754854193657275
-0.17274796917727603
0.2188806336332072
0.4109799142087137
0.229484852675231
0.2729992962143954
0.3921070439456229
0.17171339534417862
0.36278695101437447
0.2740881642721897
0.20385500566436004
0.2667592685932218
-0.029227892121674925
0.305728308460094
0.10947186726015945
0.4598979470075519
0.22328857468317026
0.5364621284937678
0.10382874396614905
0.14054901267040903
0.10966235063466684
0.284334655559846
0.28528418363617836
0.1558402377650704
0.29033405915761173
0.2367365773637286
0.16469298254655684
0.344201078986049
0.24468475625407687
0.356273104961077
0.1348483734738486
0.21439861423708162
0.3141563814397458
-0.12806720803506738
0.07972830824924759
0.4531888111399649
0.03984859028503751
0.1293665619048215
0.129758286709306
-0.026196370468819064
0.33311036005588496
-0.10098997609223936
0.4207652604722652
0.19975912058257106
0.3541351969639958
0.3551066204010568
0.31147206674035055
0.3269899763030857
0.03984859028503751
0.13995058306965336
0.4449404190503155
0.388914899414814
0.5220489705074008
0.18062845936803207
0.07177658797389863
0.388914899414814
0.1964351147281792
0.13075137792981578
0.16757622039975362
0.25386573275741603
0.284334655559846
0.3657052919778586
0.388914899414814
0.16843877179855526
0.04259767446489271
0.34216758329863484
0.32606433854291417
0.3906905743778272
0.314930487614454
0.20074431210689997
0.4478678511947076
0.14932289786804342
0.30083261922556276
0.3401302832669927
0.3755466624917562
0.2891857391584648
0.07972830824924759
0.3531856103036939
0.03984859028503751
-0.04307696103730774
0.31946143314029485
0.17948264426390825
0.1264243377244305
0.41361125693743256
-0.07972830824924759
0.08791388043292142
0.10167761194137154
0.22374718439481445
0.344201078986049
0.5164571783954016
0.20385500566436004
0.1964351147281792
0.5220489705074008
0.2053437544874711
0.1432638752332473
0.07972830824924759
0.2074316846669355
0.12742223510106548
0.2592812499051654
0.32993292322117335
0.5050965000431302
0.40669931574818663
0.07972830824924759
0.24153422286350873
0.10078622768169554
-0.1964351147281792
0.15849985723936877
0.11640206916182327
0.15825397842790517
0.0126620180160405
0.3690194820324553
0.21221165650960672
0.2700077171818992
0.22509333125482128
-0.05882293247579884
0.29755531605963115
0.23346243057459692
0.22986642771406357
-0.019519157006343657
0.09689324813810124
0.32993292322117335
0.356459048540531
0.2841895309881741
0.42232332183167753
0.22328857468317026
0.29832464685847515
0.027217699948169638
0.1964351147281792
0.07972830824924759
-0.1514863013342843
0.2199332606219147
0.15774468650844614
0.2222013935618935
0.4147487294432836
0.5012795713998527
0.037713874175122786
0.32761488843443476
0.32606433854291417
0.30916399007353984
0.37632362999632346
0.350764426599
0.17740121440559997
0.1964351147281792
0.27119453964274426
0.18314213575999722
0.34282966962163275
0.49519551055241035
0.35879335078861274
0.27583366395568326
0.2571356938079187
0.3657819508013884
0.2490021822594085
0.38618866312931416
0.5220489705074008
0.027217699948169638
-0.019481842955738293
0.168472009929107
0.07972830824924759
0.2847248701137791
0.3921070439456229
0.46786054857757414
0.31168490426472734
0.3188938463520024
0.3913074400075534
0.07652235119761325
0.32447257141997027
0.4207652604722652
0.4207652604722652
0.22489611969510281
0.16547341925007897
0.4394534173566177
0.31147206674035055
0.08774385263518109
0.3426599577215143
0.1964351147281792
-0.0012704887807320486
0.051081600766887336
0.31147206674035055
0.3921070439456229
0.2325087765427477
0.12467712164314282
0.3921070439456229
0.07994077767383018
0.20385500566436004
0.3243056616036904
0.04357592862710796
0.09621204211623557
0.1964351147281792
0.25844209672808593
0.4353575322748289
0.1576701103354189
0.4207652604722652
0.43682086437438794
0.24468475625407687
0.07667758264472385
0.40669931574818663
0.2448844660662376
0.13835537791595126
0.39901898513486883
0.187626807225711
0.31846066675312623
0.10772465117887176
0.36331109707792936
0.17948264426390825
0.21541138794041187
0.4207652604722652
0.11853678527173794
0.3269899763030857
0.45120709209886317
0.28528418363617836
0.35879335078861274
0.3165400888701624
0.45202156062723686
0.08413737096428336
0.1988174648444359
0.25390078232840685
0.0457106447370228
0.06784493321466162
0.22986642771406357
0.5220489705074008
0.35879335078861274
0.17948264426390825
0.338505278178844
0.04357592862710796
0.3269899763030857
0.10772465117887176
0.09668077871351854
0.08927712969588408
0.18971050887739233
0.10772465117887176
0.28528418363617836
0.12992831450704634
0.2848549311053837
0.39861564655623893
0.12827465020459405
-0.10772465117887176
0.14942988372378269
0.2025126868676303
0.1801445178609264
0.2667592685932218
0.4353575322748289
0.16703010833687265
0.10254283316550389
0.2604919209570331
0.1712709318536692
0.16618442122192212
0.3144046133490499
0.1992932136250079
0.40669931574818663
-0.046389329972367555
0.3130874479684352
0.3531856103036939
0.03984859028503751
0.36331109707792936
0.24696444197721268
0.40669931574818663
0.2615714023980078
0.388914899414814
0.2912996833259446
0.04108455480645762
0.15165260330352148
0.48001790355686097
0.04032102028081391
0.08791388043292142
0.08791388043292142
0.35879335078861274
0.07972830824924759
0.1741327309440882
-0.05777446256442964
0.1504434004768569
0.19709698832519734
0.24635499909781322
0.15487327900298742
0.2796799563841889
0.12319493909635504
0.3794226431256422
0.25194679120981245
0.24434107968775326
0.011360401556135713
0.17753801628658417
0.2862722710878118
0.10254283316550389
0.3025932075777677
0.25194679120981245
0.0963525640687351
0.5220489705074008
0.21028316982415396
0.3921070439456229
0.03984859028503751
0.3511896789988247
0.12992831450704634
0.356273104961077
0.5164571783954016
0.24299339820603327
0.129758286709306
0.3011406828335575
0.2740881642721897
0.28528418363617836
0.29684393412643933
0.5220489705074008
0.40669931574818663
0.25533685388209953
0.3841964347463308
0.27874286344784677
0.27291605354032905
0.09391477295928385
0.43682086437438794
0.38399362942467186
0.2072977165893673
0.32096946481490124
0.2667592685932218
0.4531888111399649
0.27291605354032905
0.24500295328477145
0.059956477091978655
0.35937803169992444
0.11805287784163582
0.32354409271537843
0.42434883842187987
0.314930487614454
0.14961031903074634
0.5050965000431302
0.2740881642721897
0.39219431586279624
0.19029886924230255
0.22483015349957391
0.10513473860198719
0.03893682044287783
0.4884608354657779
0.21769678257117103
0.1363528872210309
0.11795251579235588
0.04719442932901202
0.20074431210689997
0.3802635675422003
0.03819818466184255
0.06914654967456624
0.2053207151719595
0.3561858871691154
-0.0012704887807320486
-0.02400846429820297
0.07972830824924759
0.10772465117887176
0.17520974693749752
0.4207652604722652
0.12925649777954434
0.5012795713998527
0.18179042828331188
0.32761488843443476
0.388914899414814
0.3916198261761813
0.1834022171724738
0.2022971691801645
0.2507211135767877
0.31147206674035055
0.12467712164314282
0.2576294362394532
0.29987803769441607
0.379847895525467
0.37285929551269126
0.32952275941701764
0.32354409271537843
0.32606433854291417
0.08559036270123294
0.34775937541063406
0.12386323195683996
0.04357592862710796
0.31147206674035055
0.1514863013342843
0.0884057262321995
0.046692011684713375
0.33629046978675686
0.0036962106628979363
0.37432262761225027
0.35879335078861274
0.13045909989500548
0.44371137505630925
0.4422760590827084
0.356273104961077
0.2369375852229032
0.08207549378374507
0.1022375426885147
0.2772204856683096
0.31147206674035055
0.2254166512465987
0.342503348009075
0.40669931574818663
0.4052828461803908
0.03984859028503751
0.12319493909635504
0.5220489705074008
0.10197091116610363
0.17824474272168378
0.2254166512465987
0.1461050357466061
0.19660514252591954
0.09668077871351854
-0.041150206744942186
0.18177736730624988
0.2379071693442668
0.18534469871589343
0.19975912058257106
0.36331109707792936
0.27908401134351185
0.06784493321466162
0.1514863013342843
0.037713874175122786
0.17599524397194316
0.4449404190503155
0.13623228203294496
0.13850218657522484
0.11794244655651037
0.5012795713998527
0.2504257948168695
0.23180019599966195
0.21387986736840436
0.5068713635118519
0.40825991047182436
0.2667592685932218
0.129758286709306
0.40669931574818663
0.20691061074924083
0.10090509978460716
0.32606433854291417
0.09719930226134793
0.12925649777954434
-0.03325552661375081
0.07972830824924759
0.22646196007288094
-0.028245970441110935
0.45202156062723686
0.10772465117887176
0.09004859654283626
0.18886751901635107
0.2918257801254436
0.344201078986049
0.1964351147281792
0.12646989363294298
0.18149706309751196
0.002165843789087296
0.07972830824924759
0.28964304145280756
0.5012795713998527
0.2461469501837888
0.09668077871351854
0.29237788368927375
0.3734353336630868
0.46817045634113563
0.39249665876053974
0.08559036270123294
0.3401302832669927
0.27908401134351185
0.1895521990069487
0.16129042434175384
0.33125142410440994
0.15825397842790517
0.29033405915761173
0.32129666300380455
0.305728308460094
0.42798794858604455
0.5283620902037262
0.054064946206529574
0.33889793340625407
0.2235588370231562
0.13714055121951174
0.3827799651785351
0.37837165016227575
0.2638602996587056
0.07081246947653802
0.11853678527173794
0.388914899414814
-0.07845803287701952
0.14162399848207413
0.12467712164314282
0.09967365748438417
0.2254166512465987
0.1428006617558204
0.06523139443042936
0.04898728317852713
0.28567950586132507
0.4419677424195432
0.30321090357697866
0.12773797315669977
0.129758286709306
0.2759289640049685
0.3571405028653756
0.020867937016064375
0.29755531605963115
0.31464460769935926
0.1514863013342843
0.037713874175122786
0.3913074400075534
0.05124011952034574
0.2667592685932218
0.15601841346502027
0.3181727693752946
0.46306543309259
0.06784493321466162
0.3657052919778586
-0.1342333480269593
0.4351133704268153
0.22511357624706246
0.2214852046073203
0.11814572854493022
0.054064946206529574
0.35879335078861274
0.10772465117887176
0.16618442122192212
-0.08981091628151372
0.43944539714595593
0.40669931574818663
0.37149824111407764
0.3925240178225736
0.17948264426390825
0.198670679691064
0.1964351147281792
0.011021498913692807
0.3985360524098195
0.2293594067716015
0.23587402596492685
0.12992831450704634
0.040718671789530814
0.25760504691191316
0.4134084516157736
0.314930487614454
0.10470852911606898
0.2528264964291979
0.1735368079717055
0.18603604874637558
0.07395550842924847
0.3359761351030933
0.27874286344784677
0.041150206744942186
0.2612505902311448
0.11892859415039775
0.16199924274167887
0.09618893291424074
0.23875306843578725
0.16703010833687265
0.2192721230771612
0.363635401891641
0.32606433854291417
0.3698207163637373
0.40669931574818663
0.4353575322748289
0.23759219995352965
0.5220489705074008
0.40669931574818663
0.21650996011032592
0.22586938982779192
0.2061681262374203
0.13355724986461753
0.2471126826118109
0.1732449601997348
0.11640206916182327
0.2899088067577869
0.07972830824924759
-0.0012704887807320486
0.39912769494539413
0.388914899414814
0.06784493321466162
0.20960262324806705
0.2025126868676303
0.19572971738333056
0.07857508149518166
0.40669931574818663
0.059956477091978655
0.27874286344784677
0.22719030014465624
0.35937803169992444
0.34371386121660746
0.314930487614454
0.33276176647959005
0.2254166512465987
0.03984859028503751
0.33147440833647174
0.2369375852229032
-0.037713874175122786
0.06784493321466162
0.06396473166119837
0.16779167722518457
0.23001197151294167
0.5068713635118519
0.5068713635118519
0.46984644395757547
0.09478714073121941
-0.05261164985756417
0.0585244793829901
0.1013159096247725
0.2571356938079187
0.1288380783872653
0.25302387480987454
0.284334655559846
0.1584165032359483
0.3511896789988247
0.09668077871351854
0.5220489705074008
0.12992831450704634
0.23001197151294167
0.12992831450704634
0.11608208271803211
0.276257568960459
0.19529378996130348
0.1663569913927127
0.30394255121337066
0.08742648266919001
0.08791388043292142
0.18282759315616187
0.2595948115817911
0.32952275941701764
0.15596180068224225
0.1752767871633913
0.051470495038530906
0.14054901267040903
0.08479740367893257
0.1538881682664064
0.5220489705074008
0.356273104961077
0.3575459053501606
0.388914899414814
0.09800766124099197
-0.05124011952034574
0.12992831450704634
0.12992831450704634
0.041150206744942186
0.2772982540967885
0.43778727278031826
0.198670679691064
0.13906594300074931
0.4052828461803908
0.37397030350248806
0.13217841977467976
0.35879335078861274
0.3657819508013884
0.3468853936854443
0.5164571783954016
0.5068713635118519
0.1836384325561991
0.19975912058257106
0.1584165032359483
0.26412279481192524
0.10774317027071462
-0.057029620448033946
0.23559305956711712
0.49519551055241035
0.1948457224180593
0.4449404190503155
0.09683935758557038
0.21835865616818917
0.1712709318536692
-0.018392987042743336
0.187639630695762
0.12992831450704634
0.4040918521286894
0.10771951536292268
0.10772465117887176
0.23976894267457965
0.10197091116610363
0.3900841131424031
0.2604919209570331
0.4835973580009313
0.12416905547506207
0.054064946206529574
0.07972830824924759
0.4531888111399649
0.2479303396038035
0.5220489705074008
0.1637984168412162
0.32761488843443476
0.2740881642721897
0.2871026373930177
0.1712709318536692
0.08468993224825005
0.35879335078861274
-0.06447865979107603
0.48001790355686097
0.22590599760654012
0.24635499909781322
0.3696225602157653
-0.18902150198116235
0.1422613713725589
0.013440545347687516
0.2845393460346346
0.04074394529339276
0.17753801628658417
0.041150206744942186
-0.06629895200231745
0.027566293524464658
0.20385500566436004
0.17645081414632768
0.19006965542691573
-0.06966521220730998
0.40669931574818663
0.2256822753366456
0.19975912058257106
0.18338299774220607
0.2219247393652401
0.060789791858479936
0.13606287259572092
0.13606287259572092
0.15053608425358916
0.06954890842853495
-0.12228649263838448
0.2846758034555111
0.3666329044319577
0.21769678257117103
0.4940526275777771
0.1514863013342843
0.22581255560242236
0.059956477091978655
0.15044484827234583
-0.059956477091978655
0.22328857468317026
0.5220489705074008
0.2638602996587056
0.42798794858604455
0.2820269582615995
0.10324061749506391
0.5220489705074008
0.3269899763030857
0.03727587105974478
0.2927328547464759
0.3464190042487975
0.04073287643712192
0.40669931574818663
0.33212766828737356
0.344201078986049
0.3984343042235571
0.10978094880459893
0.1585270046379803
-0.009456060964405988
0.36535669840156365
0.2202778493309921
0.3310536591041735
0.3127706062176324
0.5220489705074008
0.21510591125058032
0.24635499909781322
0.248896120031613
0.08987856874509592
-0.04803416246871145
-0.11056368251264687
0.17866663641203934
0.08895836042305505
-0.0012704887807320486
0.002165843789087296
0.18149706309751196
0.36394022883376786
0.20874023443410455
0.2078776830353029
0.2334966389823659
0.42045979889426627
0.27435287968267125
0.08774385263518109
0.40997953052476177
0.21759039944770708
0.1428006617558204
-0.02926683171035599
0.2870198155877204
0.17866663641203934
0.34372932995957545
0.3564644988162546
0.14096622339655884
0.11892338163037464
0.19975912058257106
0.0012704887807320486
0.3657052919778586
0.4040918521286894
-0.03984859028503751
0.20837142546683757
0.0501644257637065
0.2662504164801719
0.35937803169992444
0.36535669840156365
0.4110757953166099
0.2630859969293034
0.19975912058257106
0.22784361502702977
0.08559036270123294
0.305728308460094
0.09581822731471706
0.28528418363617836
0.12802207053539633
0.3841964347463308
0.48001790355686097
0.12572643057893101
0.43778727278031826
0.3921070439456229
0.03984859028503751
0.36331109707792936
0.41692544699202927
0.11892338163037464
0.3880362482265666
0.33969916773753606
0.23688481799832678
0.1964351147281792
0.3916198261761813
0.3556734743547575
-0.10772465117887176
0.05307700215890515
0.28142802347572116
0.06923213402229461
0.10512025688038923
-0.0012704887807320486
0.10681863745615466
-0.07972830824924759
0.2501804151053756
0.05124011952034574
0.03354531812700651
0.18553693328238857
0.4346043011541537
0.17948264426390825
0.2921448137385991
0.32606433854291417
0.344201078986049
0.1964351147281792
-0.04621930217462694
0.4505813475204675
0.10405466085827558
0.29671140778219895
0.2546872426181938
0.16533837564770343
0.12992831450704634
0.16171416594776838
0.23913965937857312
0.07972830824924759
0.27505076965024394
-0.07972830824924759
0.33125142410440994
0.23522488542182846
0.04188522755410151
0.1227296873406602
0.34379545669857897
-0.14915749999328615
0.2232572523234313
0.10796728774942038
0.045090543578068076
0.07972830824924759
0.11220811126621683
0.4353575322748289
0.16086459414268978
0.35879335078861274
0.1906048989012626
0.15937804640574565
0.15550038704042313
0.2254166512465987
0.2583546164429654
0.0073320474639216315
0.49519551055241035
0.31242249511499165
0.08899850382926167
0.22328857468317026
0.16843877179855526
-0.041150206744942186
0.1584165032359483
0.32952275941701764
0.10838652477588995
0.40669931574818663
0.1699374372122524
-0.09924353628164989
0.15845544282462942
0.379847895525467
0.24969034432318116
0.18729128832348652
0.4353575322748289
0.13756093805406294
0.033038589725220446
0.2835684433768978
0.32510689593497233
0.3524771857974435
0.4118461937933418
0.4028816244665922
0.3561858871691154
0.5220489705074008
0.22509333125482128
0.20385500566436004
0.350764426599
0.08069904393033867
-0.09668077871351854
0.13045909989500548
0.13995058306965336
0.029352416058084474
0.29574542332670967
0.35879335078861274
0.068549248438522
0.19224156057534647
0.5220489705074008
0.07972830824924759
0.2571356938079187
0.4449404190503155
0.08872350135182949
0.34174566449507754
0.38356756860720886
0.2549001288450339
0.23001197151294167
0.11640206916182327
0.1967584347199567
-0.09063595464839691
0.5413833984839098
0.1964351147281792
0.17747157906894018
-0.12009394012026892
0.19975912058257106
0.1997234508376547
0.314930487614454
0.33889793340625407
0.1514863013342843
-0.040248999050446044
-0.0832642909385174
-0.030617359431577673
0.2479303396038035
0.17128885048472237
0.055639746454514805
0.3568838364319872
0.19709698832519734
0.13611968995026646
0.198670679691064
0.5220489705074008
0.1604255146812419
-0.0391203502942038
0.5068713635118519
-0.04803416246871145
0.2667592685932218
0.29033405915761173
0.2740881642721897
0.3561197513902226
0.4207652604722652
0.30943857105293643
0.46306543309259
0.08791388043292142
0.05243962926842055
0.04357592862710796
0.4353575322748289
0.37397030350248806
0.2505334774128893
0.1584165032359483
0.31846066675312623
0.027217699948169638
0.26789156686311116
0.12854840593669165
0.2387946882444001
0.19975912058257106
0.034841214789856856
0.3462678500034008
0.23810105206657955
0.45603368714362175
0.15774468650844614
0.22940252863354216
0.07972830824924759
0.48001790355686097
0.22585101476881908
0.16411603287989046
0.34877840164583657
0.12210340330063302
0.26941967617402246
0.35879335078861274
0.2868930617008454
0.23587402596492685
0.10838652477588995
0.20765956491278537
0.2684832463239352
0.2571356938079187
0.3683573842641782
0.35309754998140763
0.22585101476881908
0.29442994423940044
0.2998527561693864
0.12996725409572762
0.4350690901629659
0.06923213402229461
0.344201078986049
0.13045909989500548
0.5220489705074008
0.2254166512465987
0.3217922731612508
0.21333269326516885
0.1630172348639813
0.46547908090103013
0.0014940270615853568
0.021480721090501087
0.24086987303624913
0.11969973187364358
0.3853874287980323
0.29033405915761173
-0.0012704887807320486
0.10084173545764136
0.5012795713998527
-0.1157310994964319
0.48577818985069426
0.36331109707792936
0.07783467026694835
0.32606433854291417
0.2528264964291979
0.371234990917548
0.13837189181023052
0.012786541952449881
0.344201078986049
0.17618557519425065
0.2740881642721897
0.24933578706561121
0.19975912058257106
0.424861145554054
0.07972830824924759
0.2933688420322152
0.240528725140584
0.1231754181219536
0.4567988842108624
0.22509333125482128
0.4634149423838075
0.1584165032359483
0.12992831450704634
0.3841964347463308
0.42798794858604455
0.23499432074554139
0.22657781433404228
0.019767640781406304
0.22483015349957391
0.13024920904414383
0.4207652604722652
0.3719664758291317
0.24635499909781322
0.10726056131432066
0.32761488843443476
0.38609051291664137
0.1743105691009305
0.16843062380854845
0.3676547927929927
0.3561858871691154
0.20385500566436004
0.2147605987565333
-0.0012704887807320486
0.46306543309259
0.07199664986461213
0.23409627342831474
-0.011360401556135713
0.4732832284702285
0.1584165032359483
0.011397074642547134
0.06790526993626195
-0.0073431163201923
0.20453273414304923
0.041150206744942186
0.38812352014374
0.046692011684713375
0.0012704887807320486
0.07972830824924759
0.11853678527173794
-0.016088243135088498
0.37399359588124104
0.18282759315616187
0.1712709318536692
0.31846066675312623
-0.015200777453183933
0.18254438693730285
0.25794922166134227
0.21219815867088443
0.12930587314093955
0.4020099431991933
0.1964351147281792
0.09004859654283626
0.3412940675333602
-0.01478985533673377
-0.16171416594776838
0.27874286344784677
0.35937803169992444
0.2078776830353029
0.0052686192891147066
0.2255932948711878
0.17948264426390825
0.1514863013342843
0.16703010833687265
-0.07972830824924759
0.27291605354032905
0.37285929551269126
0.3269899763030857
0.07421280557585613
0.3243056616036904
0.07923646244996979
0.08995617286273172
0.32606433854291417
0.31003750583881473
-0.006218339179859034
0.2667592685932218
0.40669931574818663
0.13073353510315106
0.37397030350248806
0.35937803169992444
0.08774385263518109
0.07972830824924759
0.37870734776631104
0.3921070439456229
0.10772465117887176
0.2278463917520882
0.16171416594776838
0.2616758426309695
0.22585101476881908
0.22509333125482128
0.49519551055241035
0.2479303396038035
0.5220489705074008
0.2835684433768978
0.356273104961077
0.10685203054422454
0.2740881642721897
0.2667592685932218
0.09668077871351854
0.07972830824924759
0.1584165032359483
0.2529747370637961
-0.018222959245003
0.19785467183919514
0.2862722710878118
0.04007212856589071
0.18886751901635107
0.11053786827593365
0.3827799651785351
0.08791388043292142
0.26800410342474723
0.10763032879363865
0.32761488843443476
0.19975912058257106
0.21592191910244918
0.3061689211605556
0.48001790355686097
-0.07295043505900278
0.037713874175122786
0.37442955182601295
0.07199664986461213
0.16757622039975362
0.0999853316593996
0.5220489705074008
0.33629046978675686
0.19570302959270425
0.10197091116610363
0.49784278688719963
0.13854191960797085
-0.0036192327581627826
0.1024075704862552
0.02503517657677906
0.2796799563841889
0.379847895525467
0.32606433854291417
0.37397030350248806
0.03984859028503751
0.1964351147281792
0.3944401673280307
0.24635499909781322
0.14375281004792423
0.15973306749655786
0.499504707931131
0.03926763761891355
0.388914899414814
0.3061689211605556
0.22231160134591726
0.41219478736963683
0.21769678257117103
0.3422179234167718
0.20148097899805706
0.48001790355686097
0.37397030350248806
0.344201078986049
0.3657052919778586
0.2254166512465987
0.419068196417835
0.026341787064986077
0.20623158695885468
0.21769678257117103
0.319531219242487
0.31368999200309905
0.289480109828867
0.40669931574818663
0.18332133558769648
0.20385500566436004
0.19975912058257106
0.32129666300380455
0.2528264964291979
0.09668077871351854
0.4180869590953247
0.15736551027258183
0.30917691176526507
0.2571356938079187
0.20765956491278537
0.38484410369575767
0.16004986313324754
0.3070056757212342
0.29426096405738716
0.09046592685065646
0.0012704887807320486
0.35937803169992444
0.24899144181098865
0.4026285200291303
0.12992831450704634
0.1823088407431817
0.1584165032359483
0.04217210801672627
0.26913919418392684
0.25194679120981245
0.2667592685932218
0.2955223673522305
0.12100280078985648
0.09685080651125888
0.1514863013342843
0.40669931574818663
0.4207652604722652
0.42797243381234906
0.20636933072728542
0.1945066280427264
0.25560027019894543
0.4207652604722652
0.2892729569504264
-0.07069546612185362
0.18946581144210528
0.35879335078861274
0.27902166614179114
0.02926683171035599
0.04078288488207382
0.3128029241409747
0.344201078986049
0.2254166512465987
0.05378808410999569
0.40669931574818663
0.5220489705074008
0.4155089774242336
0.40669931574818663
0.10527386485815998
0.3845279368204279
0.012050512132404545
0.0745467274029677
0.36331109707792936
0.0734255932327671
0.22690378591540977
0.21769678257117103
0.32761488843443476
0.041150206744942186
0.2807803545262942
0.3287847894153866
0.10940659489042237
0.16171416594776838
0.029019117941124994
0.4350690901629659
0.35937803169992444
0.3452607623269245
0.1584165032359483
0.3145462629224291
0.2254166512465987
0.2704080610408668
0.2254166512465987
0.12992831450704634
0.07972830824924759
-0.09668077871351854
0.46306543309259
0.344201078986049
0.4028816244665922
0.08559036270123294
0.4350690901629659
0.31562929795081396
0.29216462718264513
0.03941708120736015
0.019814975170088178
0.2934694066209404
-0.16843877179855526
0.06146798413382987
0.049346481538046494
-0.0012704887807320486
0.1158688141406744
0.12992831450704634
0.424861145554054
0.07972830824924759
0.35879335078861274
0.32606433854291417
-0.009456060964405988
0.33889793340625407
0.32952275941701764
0.11853678527173794
0.08791388043292142
0.2667592685932218
0.46306543309259
0.10690864332700267
0.46786054857757414
0.41692544699202927
0.37397030350248806
0.35937803169992444
0.09668077871351854
0.4207652604722652
0.34521887195985634
0.05761083140993534
0.35879335078861274
0.09004859654283626
-0.0014940270615853568
0.008815271816676629
-0.0012525701496789998
0.09983619505618879
0.15336045841048507
0.21944215087490154
0.2892729569504264
0.5068713635118519
0.33139494595423996
0.18854223918376845
0.15995507613576793
0.2254166512465987
0.07972830824924759
0.1703388178592155
0.17948264426390825
-0.15053608425358916
0.3188938463520024
0.2978624366019505
0.07972830824924759
0.36331109707792936
-0.08528407447971115
0.20837142546683757
0.15475719707590152
0.13623228203294496
0.2992129183201945
0.35937803169992444
0.39610064417138474
0.2528264964291979
0.12898631902186336
0.12992831450704634
0.2490021822594085
0.3925240178225736
0.08559036270123294
0.4353575322748289
0.14812319409548247
0.40966398257366937
-0.059956477091978655
0.19209861628296138
-0.05476932307014443
0.4353575322748289
0.09135021300274088
0.08602605994450035
0.43682086437438794
0.5068713635118519
0.19819526086229872
0.041150206744942186
0.059956477091978655
0.08774385263518109
0.372357872140314
0.26937644580736303
0.2961932482878328
0.2235588370231562
0.11533392171214468
0.37397030350248806
0.1895521990069487
0.18488151223425242
0.2188533036336477
0.13556046530544302
0.42498230176837126
0.051470495038530906
0.26966643033183274
0.027217699948169638
0.2796799563841889
0.15845544282462942
0.3252769237327127
0.36278695101437447
0.3921070439456229
0.5220489705074008
0.17948264426390825
0.028997365048270884
0.129758286709306
0.2235588370231562
0.216685990537771
0.3802635675422003
0.08559036270123294
0.388914899414814
0.356273104961077
0.36535669840156365
-0.0832642909385174
0.29142242383123523
0.4052828461803908
0.1584165032359483
0.15550038704042313
0.061402775926655495
0.5164571783954016
0.39371531225573925
0.20732135299148607
0.12898631902186336
0.14054901267040903
0.36067657117720625
-0.07972830824924759
0.08559036270123294
0.16117006952100732
0.28528418363617836
0.10772465117887176
0.279187243967025
0.11722254243188057
0.2671243982053617
0.12992831450704634
0.3561197513902226
0.21944215087490154
0.12579856661455613
0.314930487614454
0.2667592685932218
0.1514863013342843
0.1584165032359483
0.15845544282462942
0.5012795713998527
0.2369375852229032
0.2257250182564957
-0.12992831450704634
0.40669931574818663
0.07972830824924759
-0.07066467905549423
0.5012795713998527
0.444876937083572
-0.007552674948900107
0.13983765011419935
0.35879335078861274
0.12533899524016096
0.06523139443042936
0.11348074044627499
0.10995308909020696
0.4207652604722652
0.32627162878675053
0.21759039944770708
0.20765956491278537
0.49519551055241035
0.4142589258868594
0.5220489705074008
0.4353575322748289
0.17162179543574013
0.37397030350248806
0.2504257948168695
-0.03984859028503751
0.3566711756545104
0.23828984169815576
0.46306543309259
0.03984859028503751
0.09668077871351854
0.48001790355686097
0.012786541952449881
0.3207004441413529
0.31846066675312623
0.21541138794041187
0.3310536591041735
0.2121266212851009
0.216685990537771
0.1514863013342843
0.27707009193345183
0.00710887542990879
0.40669931574818663
0.2899088067577869
0.2862722710878118
0.5220489705074008
0.013918551522799416
0.5220489705074008
0.08339786156400242
0.3269899763030857
0.07972830824924759
0.43682086437438794
0.2256666362543744
0.31284774751481637
0.12467712164314282
0.3188622162669964
0.10772465117887176
0.20122245268213024
0.07972830824924759
0.5012795713998527
0.1514863013342843
0.41816089996254435
-0.02158878280692539
0.1158688141406744
0.35879335078861274
0.40669931574818663
0.27874286344784677
0.29426096405738716
0.279187243967025
0.12296866625149933
0.33419859262193213
0.23280465291733737
-0.005169260849095525
-0.02998871027628669
0.041150206744942186
0.1967584347199567
-0.03984859028503751
0.3921070439456229
-0.03984859028503751
0.22944008265933075
0.43778727278031826
-0.08791388043292142
0.2268603807740287
0.03984859028503751
0.07994077767383018
0.27874286344784677
0.23363846100204205
0.22913935087829468
0.27291605354032905
0.3802635675422003
0.29386662832146065
-0.0014940270615853568
0.3802635675422003
0.40825991047182436
0.4320902047519954
0.27505076965024394
0.41219478736963683
0.27963245904477874
-0.14038334830661386
0.3802635675422003
0.355816426701599
0.07972830824924759
0.04007212856589071
0.1967584347199567
0.23794765838076282
0.15773044501373723
0.35472255506955636
0.19414972009742004
0.1012700979804042
-0.1698469720599376
0.10675361677768858
0.284779337089934
0.5220489705074008
0.3164545269884292
0.18519969560624594
-0.06994627578401996
0.35879335078861274
0.48001790355686097
0.12992831450704634
0.16782151654448424
0.2750724635569765
0.16411603287989046
0.21054607685265936
0.002684917367956119
0.49737630449024467
0.0012704887807320486
0.07972830824924759
0.10772465117887176
0.24498874863718012
0.17948264426390825
0.3976776985590976
0.26786036765871285
0.18868964760814705
0.2235588370231562
0.40669931574818663
0.36331109707792936
0.2578223435005201
0.379847895525467
0.10098997609223936
0.4394534173566177
0.08703296864181737
0.4353575322748289
0.1264243377244305
0.42767720166151113
0.14433875987930073
0.1130458607753958
0.08682280771896439
0.34505203624065534
0.33496351486700043
0.2640746382198335
0.19975912058257106
0.4040918521286894
0.12992831450704634
0.1584165032359483
0.3243056616036904
0.27669762568443124
0.3690194820324553
0.3061689211605556
0.21943357825779736
0.1829569179686713
0.06914654967456624
-0.04357592862710796
0.23363846100204205
0.2298512525708793
0.2254166512465987
0.2369375852229032
0.20911172384677867
0.3061689211605556
0.3943249692083716
0.2109721767203841
0.2969287000183594
0.3481410287553518
0.20537203982088104
0.06784493321466162
0.3488506409982088
0.16053331325226033
0.34254823106281196
0.20347510613453595
0.07473928343701586
0.18147726382143758
0.4353575322748289
0.28411238969099006
0.41211043517111995
0.29396170102896846
0.2560175869288687
-0.05777446256442964
0.34371386121660746
0.3253608298735366
0.376442873462306
0.34775937541063406
0.13336524223552482
0.3269899763030857
0.2687786921665773
0.5012795713998527
0.5012795713998527
0.2280504828205004
0.02067406036381292
0.3856007093602173
0.11983840173164284
0.045048978813305496
0.18676425582690942
0.0008642273291825098
0.15017844768313737
0.08791388043292142
0.48331035976616615
0.1205240990508154
0.17084063873067734
0.1584165032359483
0.2335537368346871
0.388914899414814
-0.011725311644295688
0.3921070439456229
0.5012795713998527
0.19532212485647588
0.2518382032279978
0.14300260567149697
0.31147206674035055
0.22509333125482128
0.36535669840156365
0.11585943360547862
0.4353575322748289
0.06829341579638631
0.2407951944843476
0.36535669840156365
0.13714055121951174
0.13950936431608146
-0.1514863013342843
0.2066063665588852
0.33194193056589305
0.29897942872587047
0.2254166512465987
0.07972830824924759
-0.0012704887807320486
0.07972830824924759
0.18402679082976642
0.2862722710878118
0.07268262600293679
0.314930487614454
0.16843877179855526
0.5220489705074008
0.13045909989500548
0.20986695198902772
0.32606433854291417
0.30903110647705906
0.142057717495703
0.22328857468317026
0.23810105206657955
0.22509333125482128
0.40669931574818663
0.35879335078861274
0.10772465117887176
0.07972830824924759
0.043626888758231896
0.0844865781115503
0.09135021300274088
0.19709698832519734
0.24086987303624913
0.23906511646459766
0.379847895525467
0.2490021822594085
0.1712709318536692
0.40669931574818663
0.5220489705074008
0.07652235119761325
0.41361125693743256
0.10254283316550389
0.027217699948169638
0.32129666300380455
0.261411665406378
0.08405965327476139
-0.009225685446220988
-0.07737373656506175
0.3568838364319872
0.4026285200291303
0.04803416246871145
0.11466261624004459
0.1584165032359483
0.4110757953166099
0.05466634463939374
0.0944421447853262
0.21398601479320578
0.15736551027258183
0.3372232718143038
0.20811296336405138
0.296344566787367
0.379847895525467
0.05433812999461002
0.16251246513530726
0.2063361042188992
-0.04935755039431711
0.1584165032359483
0.13854191960797085
0.07972830824924759
0.2601805602803208
0.3944401673280307
0.2573899081389431
0.1584165032359483
0.4207652604722652
-0.02697369650809306
0.18777215704000266
0.23135651975213656
0.08559036270123294
0.4207652604722652
0.28220764492814715
0.5012795713998527
0.5220489705074008
0.39695752219060126
0.126834752914195
0.07972830824924759
0.48331035976616615
0.40669931574818663
0.3881830648618853
0.3874515673152549
0.42982518911819734
0.5220489705074008
0.48001790355686097
0.22225182291503054
0.16663781967318825
0.04794173878860686
0.22137742877131672
0.356273104961077
0.4531888111399649
0.1158688141406744
0.11697250109843876
0.2529747370637961
0.5220489705074008
0.21835865616818917
0.5220489705074008
0.24929794601590088
0.27874286344784677
0.2379071693442668
0.1967584347199567
0.1723319385453968
0.2103431132677543
0.338505278178844
0.31147206674035055
0.3388556184884176
0.3875354791358633
0.11640206916182327
0.12992831450704634
0.38891286636332023
0.2875083253428928
0.314930487614454
0.2188806336332072
0.45037854219880874
0.3061689211605556
0.16866346823417205
0.29762738291282875
-0.009456060964405988
0.379847895525467
0.24200647495219735
0.07537542456272184
0.41219478736963683
0.2928427203184122
0.5220489705074008
0.35879335078861274
0.3929639219648395
0.17013562373065644
-0.0008642273291825098
0.3244704990883867
0.2892729569504264
0.1584165032359483
0.35879335078861274
-0.041150206744942186
0.5164571783954016
0.1514863013342843
0.2892729569504264
0.028615042745538277
0.4040918521286894
0.20995131545113882
0.5220489705074008
0.39294786182551805
0.2479083899337542
0.4026285200291303
0.2254166512465987
0.2254166512465987
0.3483474164185109
0.2667592685932218
0.06923213402229461
0.12930587314093955
0.3017051838200327
0.3253608298735366
-0.03108169200444033
0.26879153741397166
0.08325751179904639
0.2528264964291979
0.1279654577526183
0.36331109707792936
-0.08098367853125749
0.350764426599
0.5220489705074008
0.04803416246871145
0.07972830824924759
0.23363846100204205
0.15687871675574627
0.07972830824924759
0.3272986177103032
0.22770264078919772
0.1712709318536692
0.379847895525467
-0.04803416246871145
0.2506894834917818
0.2767921031687155
0.25194679120981245
0.1517207677379972
0.37285929551269126
0.2796799563841889
0.23767635484563926
0.11795251579235588
0.17793666305156403
-0.17948264426390825
0.1997234508376547
0.1720292753449082
0.17753801628658417
0.43446877372121234
0.1584165032359483
0.2369375852229032
0.26162668902025593
-0.08791388043292142
0.057280629226615254
0.059956477091978655
0.25748119560485505
0.314930487614454
0.3657052919778586
0.3359761351030933
0.45633075800595757
0.2566691167464542
0.28435798784583133
0.40669931574818663
0.35879335078861274
0.5164571783954016
0.21616710778591436
0.3657052919778586
0.16117006952100732
0.24481018793416653
0.37397030350248806
0.057339248574371005
0.13997488197995467
0.29157664935799193
0.33125142410440994
0.2912898974869949
0.007132543232717392
-0.07972830824924759
0.42798794858604455
0.03984859028503751
0.1964351147281792
0.10075979132918272
0.29005320525696326
0.4350690901629659
0.2899088067577869
0.28326248965858786
0.1584165032359483
0.07972830824924759
0.17128885048472237
0.1688492046462053
0.10887088607773265
0.48432710093558173
0.33889793340625407
0.39861564655623893
0.06784493321466162
0.09004859654283626
0.39695752219060126
0.07972830824924759
0.20385500566436004
0.11053786827593365
0.16703010833687265
0.037966453876155215
0.27516526682736675
0.20667106177181715
0.06170240672598831
0.041150206744942186
0.1732449601997348
0.253934709926982
0.1885380518621495
0.12939629312049483
0.2528264964291979
0.1948457224180593
0.3657052919778586
0.2998527561693864
0.21769678257117103
0.2268603807740287
0.1253423748847996
0.03345482988364401
0.2835684433768978
0.13053917609512805
0.30943857105293643
0.3981463193453737
0.1286435481860419
0.15919890587864122
0.17540791328890037
0.37285929551269126
0.21097339453103509
0.27908401134351185
0.3209914715490937
0.3468853936854443
0.20666297934166328
0.2796799563841889
0.16101964104503408
0.1039053965138913
0.18971050887739233
0.4991903068662013
0.21769678257117103
0.5220489705074008
0.2740881642721897
0.3468142089731653
0.1514863013342843
0.40669931574818663
0.40669931574818663
0.10078622768169554
0.2961932482878328
0.45202156062723686
0.25633831263022205
0.20077439807747322
0.4012154798902928
0.20371672629118037
0.11912414337729876
0.27874286344784677
0.46547908090103013
0.22483015349957391
0.21221165650960672
0.09596401622311995
0.24635499909781322
0.07972830824924759
0.2899003218436259
0.45202156062723686
0.15514579283037327
0.2730245777394251
0.36331109707792936
0.26061474042378413
0.37397030350248806
0.16421405222941549
-0.002165843789087296
0.33151667816606817
0.1703388178592155
-0.049346481538046494
0.34625982979273917
0.12209786162744024
0.2322913063372971
0.3921070439456229
0.11415776969380026
0.22951253632838753
0.1584165032359483
0.4026285200291303
0.17948264426390825
0.33276504117785827
0.12925649777954434
0.4040918521286894
0.15633692982413527
0.14812319409548247
0.27978387137279237
0.350764426599
0.5068713635118519
0.1514863013342843
0.05341727725710266
0.16411603287989046
0.21754854193657275
0.20205309356525114
0.3468853936854443
0.5220489705074008
0.356273104961077
0.31655046700465733
0.30167734057805007
0.4449404190503155
0.04074394529339276
-0.007844905249954015
0.22123322922435273
0.027227464846280247
0.2922476989290011
0.1584165032359483
0.037713874175122786
0.16053331325226033
0.379847895525467
0.174518139941939
0.3794226431256422
0.23559305956711712
0.14239290428272855
0.35937803169992444
0.11640206916182327
0.37064331169091835
0.17948264426390825
0.3394826143175658
0.4350690901629659
0.07745246384642263
0.21769678257117103
0.03604217178687097
0.2899088067577869
0.24085897925824745
0.04067971549969279
0.36331109707792936
-0.00042010627467564676
0.08981091628151372
0.10772465117887176
0.379847895525467
0.040922511071947165
0.21769678257117103
0.19690388457657615
0.22916412697387778
0.26425127609375926
0.1964351147281792
0.2280504828205004
0.26512574921545295
0.01227367519554401
0.40669931574818663
0.2254166512465987
0.05124011952034574
0.5164571783954016
0.19709698832519734
0.35407488612012955
0.13638286770551394
0.3175730495730805
0.08791388043292142
0.1514863013342843
0.3019948422948778
0.3188622162669964
0.08752176227443026
0.3181727693752946
0.10772465117887176
0.10685203054422454
0.19557256332937756
0.12927441641059761
0.35937803169992444
0.024867310488419114
0.2315222638480609
0.294261618339061
0.2571356938079187
0.41546211489247026
0.36535669840156365
0.23363846100204205
0.12992831450704634
0.10084173545764136
0.17915031775102597
0.30984706165220177
-0.07972830824924759
0.3921070439456229
0.40669931574818663
0.48432710093558173
0.10710803907399591
0.4449404190503155
0.4576826901626769
0.08207549378374507
0.3308829558466802
0.21754854193657275
-0.037713874175122786
0.10772465117887176
0.3603689900428658
0.45202156062723686
0.32243798777068017
0.41637641308147316
0.19975912058257106
0.2528264964291979
0.368569199506919
0.33382376550388915
0.3304388352718422
0.3708653767636407
0.20666297934166328
0.15581661490619175
0.40267538256089364
0.48577818985069426
0.314930487614454
0.14021997697778182
0.25912624875943246
0.3468853936854443
0.3061689211605556
0.16903720139931083
0.1514863013342843
0.22742979622874993
0.1514863013342843
0.3880362482265666
0.17948264426390825
0.25562468343574235
0.18768709460754307
0.23403025634752317
0.21552547881304684
0.25748119560485505
0.37397030350248806
0.16049493694072747
0.21769678257117103
0.48001790355686097
0.13682875253668725
0.2667592685932218
0.46547908090103013
0.2796799563841889
0.4353575322748289
0.27874286344784677
0.15746607486130693
0.11640206916182327
0.14798469639472778
0.059956477091978655
0.2549001288450339
0.04007212856589071
0.21633053211053793
0.1016336987037042
0.40566472177004376
0.35937803169992444
-0.037713874175122786
0.17824474272168378
0.3561858871691154
-0.0036287431715001373
0.3199295144999665
0.1584165032359483
0.1408157024211109
0.36331109707792936
0.2604919209570331
0.24635499909781322
0.21896809904758868
0.12992831450704634
0.2535001820457534
0.1514863013342843
0.22585101476881908
0.4325629850327159
0.34371386121660746
0.46530902055411805
0.41361125693743256
0.07972830824924759
0.16086459414268978
0.22933415477161812
0.15629248973546384
0.36783547945954037
0.19559496787628028
0.2571356938079187
0.13623228203294496
0.37285929551269126
0.2254166512465987
0.015760028490304778
0.08559036270123294
0.3765642810411569
0.029928705307374348
0.29684393412643933
0.11640206916182327
0.284334655559846
0.2270473223734158
0.2127639941755856
0.3468142089731653
0.11415776969380026
0.26879153741397166
-0.02884612704155559
0.1712709318536692
0.32354409271537843
0.1584165032359483
0.198670679691064
0.4153201798972307
0.1822726222469387
0.06818114105892809
0.015760028490304778
0.4130226886302212
0.3913074400075534
0.09689324813810124
0.07652235119761325
0.006204187558298102
0.31878911085518136
0.46010075232921077
0.2892729569504264
0.46317493528163056
0.40669931574818663
0.3921070439456229
-0.1514863013342843
0.07972830824924759
0.3014991625868084
0.1517207677379972
0.3676547927929927
0.36331109707792936
0.25194679120981245
0.1743008262505406
0.4134084516157736
0.3943249692083716
0.17818287304291536
-0.1573483557862695
0.40669931574818663
0.06267351919752973
0.1504434004768569
0.48432710093558173
0.314930487614454
0.26272748591991796
0.39371531225573925
0.24933578706561121
0.18553693328238857
-0.10772465117887176
0.16171416594776838
0.14129143872778888
0.31347306912442374
0.356273104961077
0.02911624603778734
0.198670679691064
0.059956477091978655
0.2533244071356205
-0.030028788143970864
0.32952275941701764
0.024499049856588073
0.2918257801254436
0.07972830824924759
-0.009456060964405988
0.14579054885153625
0.4207652604722652
0.20765956491278537
0.14076704070861212
0.04058368239376292
0.29684393412643933
0.2971355371135508
0.3537651124616146
-0.07972830824924759
0.2783101716144994
0.2607794950661991
0.2572104357960817
0.424861145554054
0.03984859028503751
0.12386323195683996
0.37397030350248806
0.22963309330982923
0.17110090405592887
0.059956477091978655
0.15774468650844614
0.3145462629224291
0.1955624940935322
0.23602226659952508
0.41637641308147316
0.5068713635118519
0.1836384325561991
0.07972830824924759
0.3874515673152549
0.07021917873925942
0.29428624558241684
-0.1964351147281792
0.18065297875847902
0.17753801628658417
0.32447257141997027
0.15687871675574627
0.24141222153109182
0.39695752219060126
0.24831962508348676
0.356273104961077
0.23794765838076282
0.17866663641203934
0.22328857468317026
0.499504707931131
0.0012704887807320486
0.49365766583549353
0.26333263228904047
0.1482844351681777
0.29484965934693774
0.19425547998540638
0.17013562373065644
0.37064331169091835
0.45633075800595757
0.03792488399859506
0.34220716023699843
0.049346481538046494
0.23587402596492685
0.3331638452915241
0.14290928173184048
0.4040918521286894
0.23714747607376485
0.5012795713998527
-0.009456060964405988
0.14195384598437438
0.3151006382571621
0.3537651124616146
0.35442721022989165
0.48001790355686097
0.11419071231430022
0.36535669840156365
0.2529747370637961
0.1584165032359483
0.344201078986049
-0.03984859028503751
0.2369375852229032
0.15331648772255635
0.17420386720922282
0.12992831450704634
0.1312010496921462
0.08995617286273172
-0.00042010627467564676
-0.06288709021039629
0.1584165032359483
0.21769678257117103
0.13670826569686734
0.07972830824924759
0.17948264426390825
-0.037713874175122786
0.1319577382406385
0.12467712164314282