12.165281625115421
12.165281625115421
12.165281625115421
11.842105263157897
11.842105263157897
9.441366574330567
9.649122807017541
9.372114496768235
8.887349953831947
9.141274238227147
9.164358264081251
9.164358264081251
8.84118190212373
8.795013850415511
7.963988919667586
8.333333333333337
7.3638042474607595
7.548476454293629
6.740535549399818
7.3638042474607595
6.50969529085873
6.9252077562326875
6.902123730378573
6.87903970452447
6.902123730378573
7.040627885503237
6.855955678670355
6.625115420129268
6.602031394275166
6.232686980609414
6.625115420129268
6.232686980609414
6.578947368421051
6.232686980609414
6.578947368421051
6.232686980609414
6.2096029547553115
6.232686980609414
6.163434903047094
6.255771006463529
6.163434903047094
6.255771006463529
6.140350877192979
6.232686980609414
6.140350877192979
6.2096029547553115
6.232686980609414
6.186518928901197
5.978762696214224
6.048014773776544
6.117266851338876
6.071098799630659
6.094182825484761
5.609418282548473
6.001846722068327
5.747922437673125
5.701754385964907
5.747922437673125
5.65558633425669
5.540166204986152
5.678670360110805
5.609418282548473
5.678670360110805
5.540166204986152
5.65558633425669
5.609418282548473
5.65558633425669
5.5170821791320375
5.65558633425669
5.5170821791320375
5.65558633425669
5.5170821791320375
5.632502308402588
5.5170821791320375
5.632502308402588
5.5170821791320375
5.678670360110805
5.5170821791320375
5.678670360110805
5.5170821791320375
5.678670360110805
5.5170821791320375
5.701754385964907
5.5170821791320375
5.701754385964907
5.493998153277935
5.678670360110805
5.493998153277935
5.447830101569718
5.632502308402588
5.447830101569718
5.632502308402588
5.447830101569718
5.632502308402588
5.447830101569718
5.632502308402588
5.47091412742382
5.632502308402588
5.47091412742382
5.632502308402588