0.1005073477848239
0.05246967796438351
0.09609832724418943
0.04935970181916727
0.07620206722899614
0.19868543399655247
0.1600778361870826
0.3425333406806237
0.04992554058849202
0.14627763460399168
0.09203290159951344
0.11874206902487267
0.08901474715079938
0.15589806079938145
0.10601869959538257
-0.01011624432699293
-0.028267597166808267
0.13143470838008836
-0.01747224165899608
0.07510974953543154
0.08882758423692039
0.04416593339081193
0.03487864522775985
0.07371239359140402
-0.024912795042011604
0.09409728802252121
0.08151303584443415
0.15020397853229384
-0.04575743665256432
0.36056594521512253
-0.010322147508784352
0.419443763017606
0.17111139743472475
0.08617112008148509
0.16202595080257626
0.20506362646058401
0.06054038284576052
0.19573110771061575
0.2490293032334977
0.14019080783341314
0.03958200645771143
0.021721797645617602
0.12459159506289441
0.13817853478560782
0.0176369509131169
0.1612399799965159
0.13454367218377328
0.028766880809161066
0.15973653651959507
0.17131452263733987
0.06041815858682348
0.13796796118257149
0.02987059119190122
0.019958601723356395
0.04283978447986114
0.17214913539124088
0.0631622182025729
0.1412711650448007
0.32202960072938586
0.10740795553065025
0.07209394427902727
0.09625336040773352
0.15831322493277983
0.09784422788632374
0.18421895408551253
0.37130573960664354
0.08854992031488562
0.055723310176576835
0.15444288296711678
0.03899963707692938
0.15945517774501228
0.08851623572942374
0.2307885416425769
0.10767225490659382
0.29283916691598505
0.02536794653634772
0.15431344278096115
0.14930431043630266
0.10134153656333611
0.09015090285802135
0.16798260119326647
0.17426501129511418
0.17710962698093918
0.06472395687364407
0.03967172427940302
0.30473872119643286
0.419443763017606
0.12973873322102547
0.23663734942914805
0.12352286416313946
0.04344841988743564
0.14506213599638912
0.17957226763473344
0.02853886020283125
0.21225379323709076
0.045104702612614955
0.09554879614656525
-0.028766880809161066
0.002406789479415805
0.17769727318114747
0.1722259761193639
0.07043106182701292
0.034599847402031036
0.015447468766695394
0.020216354373768064
0.19075453010359528
0.40210735378777157
-0.018381303211459976
0.1432038115240193
0.05863280125154441
0.17358915504780048
0.2888144424667084
0.05101681157730631
0.36227817423255393
0.1952926463228551
0.029834871173720245
0.011058124792789115
0.08568755370178488
0.14769643473640526
0.2847186511321304
0.032058452484485855
0.18516763365184224
0.06433660523149659
0.1847310545217406
0.15445241531885445
0.012055217654768913
0.07344932078555477
0.21026710880870575
0.036424862871850594
0.17438810397517013
0.10373920234226075
0.20663366112245662
0.11588089304064975
0.1506160549254198
0.21157712014463653
0.02080439086242858
0.10741949700023101
0.16727850437974273
0.20805673712386846
0.16123575165294685
0.12537279496247122
0.18484427561481814
0.09158838375949241
0.1970109179331021
0.2954303521719964
0.08368952529515133
0.06991240596926285
0.056029426274937066
0.18963811940196829
0.15687882313513407
0.10544156159445595
0.23348920028821213
0.09254323774282874
0.06370543760799258
0.0014964365595919737
0.14649363662259385
0.10315492974038937
-0.02242127719672421
0.01801697457968454
0.12877896184952625
0.16736738157867737
0.1467422346772756
0.12508019485865335
0.07823173539176426
0.1577179819494845
0.27762991494863465
0.17855478744518538
0.06877114690550512
0.11343478964258896
0.12640073322495277
0.15168101395817635
0.16715129143834861
0.14217211144241537
0.2886970894725412
0.08859257719479635
0.025991096374781975
0.0521909439138219
0.1588647839875027
0.1462047052560153
0.18638288443062934
0.12715117455207592
0.39034139149960984
0.11281172780283921
0.08662393963945747
0.0043564027802191485
0.037571383144624715
0.03832134718158858
0.01215211145898748
0.054998372271841844
0.13504799387233019
0.06468109304044378
0.1962974680480341
0.2847186511321304
0.09634972645212758
0.03267854084740168
0.014858176600396789
0.016767876363920298
0.15973384340163288
0.04516720120189677
0.21183614825736147
0.08415299136299514
0.044891778348006894
0.023632423069974817
0.419443763017606
0.3233521104932675
0.10545589220120366
0.027328964104491538
0.16145472068281358
0.20550712398243676
0.1568991323496065
0.04685623646898257
0.12369127213135167
0.15118527293322026
0.30509643645555207
0.05824510830616153
0.06392631288734968
0.04514061638249406
0.15506735564436008
0.1199443163053675
0.1652807002628499
0.03337378882350456
0.05857263762695836
0.0646893228064333
0.0511136902426827
0.07131768742256978
0.020298886486654955
-0.008867929658254003
0.12656122464864106
0.24374768063045116
0.07690745192924103
0.09090364546777613
0.028527535704990226
0.06855778283968672
0.1461641459216006
0.036017504446795745
0.11449170384355778
0.15021269049374258
0.300258432965685
0.22935773193725323
0.04162651800464939
0.09907977060234757
0.17276930487999553
0.16137548120802564
0.3087168370099363
0.32330077443225774
-0.0217914095255487
0.031689328617489965
0.10023269008075891
0.3208746921001404
0.012016237791725226
0.029324077970322437
0.1698439113960168
0.03190042173319191
0.29049066952555147
0.17072731258097562
0.3223389433873821
0.03894214891832931
0.05633719087247857
0.09386555876817526
0.10787650876005705
0.03241158691586821
0.04929913365109445
0.04073350929449826
0.03127417604484156
0.060160812687734766
0.11535895764211868
0.05745294411830798
0.1946580146379046
0.11799434519586638
0.10251049352832342
0.16240018240553955
0.044991220436659984
0.08307988185178461
-0.016863123306214423
0.047251953861282114
0.20434506077687575
0.16301774715260797
0.21647607367030752
0.06790188064189767
0.0391563934568
0.14214266083879734
0.053721884980825974
0.36232858151962416
0.044476478816810106
0.050170682860091576
0.16879122026244503
-0.020865612772069886
-0.013903169971136775
0.0706241883050206
0.12254634961017657
0.1778173754523999
0.06820906980771752
0.18254768969065144
0.35595381682066357
0.10217206758571845
0.17947228976899154
0.067947558218105
0.16584719449333535
0.08570782844236796
0.02876375387456448
0.3288215364526249
0.16551948610826067
0.1692115827086405
0.16407002236474666
0.1946580146379046
0.1222920753135498
0.09751770262912318
0.1398703017730185
0.016854155411543392
0.12532949891364176
0.2734622056133551
-0.0017970071038049817
0.20545666543475571
0.09082167138695402
0.13595213789017235
0.07528405622524403
0.17902723021764838
0.055094190931775866
0.08359535325945233
0.21982819355421246
0.18798552983746825
0.16341741232720342
0.08257734171603587
0.07980095547447047
0.23781896567353444
0.17678031863451354
0.034527787660975695
0.04815032702965094
0.18969626843832332
0.13037248014530484
0.0642531731754345
0.12060103112295317
0.12184265572182723
0.019877161968391788
0.03961850591622629
0.2936130309333468
0.17539499789663782
0.21039832860462548
0.20883456748098195
0.14872689080956242
0.0855794526439263
0.10374425943432936
0.05966483847630544
0.0357935418606824
0.1720646420988971
0.09680604126600656
0.05402181736787676
0.013825729096140549
0.23791832693392873
0.17148133603954618
0.08486094139529465
0.18952955482734452
-0.045875380245944564
0.18529716147339903
0.045816294026451376
0.1468688240234377
0.08973657068533614
0.06365362104464395
0.1144626499273792
0.13799904000613933
0.08467330415062718
0.27752138260062637
0.1286334974675804
0.1159763981409917
0.019387647716445133
0.10621325915308633
0.06407428694725337
0.09361407023507745
0.2057462925854957
0.13523290017846162
0.13321966390227374
0.011885949207231128
0.10130683784217243
0.419443763017606
0.190678318666322
0.0055384124373718535
0.09714312906923722
0.03487977561788469
0.05646554240605506
0.1094331863708044
0.1550437930165418
0.39100668149948103
0.14102570950129628
0.0202760261206274
0.1209828067405449
0.050206818872824244
0.2384261793079976
0.10489946384778132
0.308728668926584
0.051390278642859666
0.18589884940340756
0.1275666456888579
0.054046424429202544
0.11376309662390588
0.08093540385994397
0.20727818021336342
0.13312965698829782
0.023548601648891887
0.17627957841153918
0.019119459263647276
0.11921154318454263
0.1593783947315725
0.0884470874850854
0.04866446228620014
0.18025532928395177
-0.0039129332418083584
0.17087452675596004
0.11883743119030626
0.00020981392599273008
0.08022169748557756
0.09030046469930175
0.11734811114313481
0.09629905150367457
0.06837401073826532
0.03392055255132598
0.19499948020142033
0.07065189795466109
0.17120954918042586
0.040893269193569726
0.10402575671457615
0.13008056053443673
0.04243808412022626
0.11460092968763952
0.10296546278120466
0.15997978096173493
0.08295846250674882
0.18063996452936215
0.2685171831886583
0.10620950619465536
0.11238369644926938
0.10205871176674852
0.3348542598203144
0.1159461814358983
0.18573801540440948
0.13530317040033085
0.0444511300354114
0.12769130797820127
0.04213501723987062
0.034069016992622214
0.08276652273636603
0.17131493300533923
0.09473989407285194
0.24194338745226185
0.08439632979000572
0.2112738329090738
-0.04226990334075309
0.1718894031895688
0.15436370431510738
0.35371817911374204
0.15503348312297116
0.04272126284012362
0.12258176243056584
0.18940516001173835
0.419443763017606
0.10043349034084742
0.019286193628397286
0.12290329693242341
0.16524111827551774
-0.03861808413522594
0.025828562945449773
0.14680216826276354
0.15247171686159555
0.3467729116273319
0.1466930466454328
0.2241741542440403
0.05665738363864986
0.19680502423557972
0.2867239717464061
0.15089279275032758
0.12389157449281346
0.05843726031276464
0.2677096705825413
0.06735731033912667
0.3307945406846965
0.014320135916399912
0.11080371476885026
0.046516442757869036
0.2797386883133092
0.12800572388485942
0.16932718851705425
0.12056585657912766
0.024720320568577203
0.15275059964499693
0.13779665420045767
-0.016345819966931463
-0.019688056775172158
0.05263976595284803
0.16894554619198432
0.033496423167882816
0.12983069181661516
0.07981718129470905
0.060884742736459996
0.2626273540635642
0.09203665995927557
0.15770841152248383
0.04273961536377796
0.06981227243919697
0.15999686169541177
0.09235342674126185
0.08396225860603868
0.06040128382843285
0.11621640595519878
0.03141389430079511
0.08782825805182443
0.06271968354492108
0.14415251366254084
0.25539349059945887
0.13396358384442075
0.1505276034114324
0.05731669628311331
0.11525729499877663
0.09352980667735838
0.05504903724978499
0.10444793211266723
0.06655234266420307
0.12265475259490849
0.1797445471060885
0.14917240889847683
0.054520646690287
0.0024626032257802355
0.2383125186184228
0.14228082482018078
0.39196944131829614
0.22225247435022433
0.08545531430586162
0.04074288397157255
0.419443763017606
0.005675153826385004
0.13653142333673446
0.14971506859911426
0.419443763017606
0.15565891312889907
0.07814044634827577
0.0326394182991942
0.11671778793567639
0.3519788744121145
0.04279766233796051
0.13166443639844294
0.21324071801778355
0.1899620477195753
0.1845053368526493
0.29257935210537556
-0.010987906076432852
0.22496229457297795
0.1040158850043395
0.12955682198686586
0.1114799545211928
0.24373111844760287
0.13737117528579462
0.029530881146208
0.04500134315923726
0.21167742386065824
0.1835427471223008
0.18300891568766975
0.09879060417188584
0.2486411296391024
0.12067384591993863
0.04938054954009158
-0.009549216328776367
0.08688568368070282
0.14051569943809628
0.04150154459474348
0.15846862535913353
0.26642155121994543
0.12553116363762962
-0.004958357377989553
0.18514380935700298
0.24884645858061816
0.02328017236783808
0.05594067324815655
0.27961987318196363
0.12668249310756102
0.06625006466443928
0.13840413302444515
0.20909725125950857
0.0761650227203553
0.25289379930401246
0.37366503533015677
0.09190257400447693
0.20014295385309044
0.10955725135123501
0.09875064949823242
-0.04083092229619656
0.1677396774595014
0.13241895096065476
0.20181838446143585
0.08570782844236796
0.2108676190297446
0.09022320061828965
-0.003945097640756345
0.0818745595063981
0.12347786551296241
0.10484260175621313
0.1519827977068045
0.09094809901071332
0.16824065389567033
0.11902604768149105
0.16647461591874968
0.0607723202656828
0.39100668149948103
0.11119471862749691
0.0244094506151602
0.046108238861379824
0.00354341661544888
0.05377369831190948
0.1842580434661859
0.3222528064363864
0.21174545393073613
0.1648790101928328
0.04511646155313709
0.2789636802960946
0.10283591696956401
0.15857450082164287
0.0957346423405464
0.04053898723425503
0.06033589315262211
0.20120664915271602
0.17001706616281204
0.07954436261458603
0.056120168145542104
0.0718714522624197
0.0265730371306635
0.19929452533922493
0.07189670220914735
0.19748730283898686
0.05219889959416174
0.10016353581241733
0.1899062360062082
0.1491042250750857
0.11400358827251439
0.08130182560951277
0.1842580434661859
0.15555797719755854
0.3689944952740486
-0.03516018875684068
0.2870698529260752
0.4045917183954387
0.30256080767743865
0.02186338963286577
0.2102031423670157
0.12981097548745785
0.3062950748822581
0.046934992887408045
-0.014919357901220953
0.14536959468416288
0.11317900941344017
0.22998191402935259
0.1306560938329629
0.11470229033610913
0.05182889927730144
0.09996416120488394
0.1541799900185758
0.16303004791497555
0.07819228213257406
0.10780808118423357
0.3998775862427473
0.06456648994826802
0.12986776664435695
0.057155422741189676
-0.0028000898941830665
0.28326433987521604
0.0909384933695922
0.13824453759467353
0.15931140069242805
0.08187019301099052
0.09718537092070761
0.15999686169541177
0.21869929912972624
0.17962378721175531
0.009555093059161801
0.10777061082969741
0.23774376858731217
0.07766406046412544
0.06481601073982146
0.2685171831886583
0.3781433859606064
0.13904624352758677
0.12347370112793282
-0.00429396997097059
0.06703795549349173
0.03868089826867782
0.17265984069930218
0.1747614336010745
0.01863474367614104
0.07488883160201065
0.04510082683091876
0.13465844086814333
0.0223686407358043
0.12629968919166457
0.09153759261882638
0.1865469213697064
0.05877083214461848
0.1799170477628797
0.2699257782104511
0.18610208708182552
0.2205616591253567
0.26159956669812295
0.19074041765170896
0.11070938440053535
0.11178634528266856
0.14684090519405818
0.30755658836573774
0.09693778088434135
0.21616674264630076
0.39034139149960984
0.1964094499522387
0.14995727790325303
0.021547454099370422
0.05478231752436269
0.16123436237929223
0.2327452018303356
0.07169403287913295
0.08312401531321428
0.09660985866533778
0.002709175513384343
0.07036863875951427
0.21393064604675466
0.12986776664435695
0.13046651897865325
0.0676609044709281
0.04904169946037645
0.01968277831894355
0.01427261031534166
0.12916221877953632
0.010358142414851834
0.16435909021453232
0.07341848404720813
0.16319359189283644
0.11624111759538741
0.16896423863010274
0.13262631517304724
0.06187455800125291
0.21427615131208305
0.1718894031895688
0.3269560106044183
0.046114139205797766
0.030593732368273563
0.17307379655373217
0.07090245348078422
0.08416293437988615
0.0949408588793576
0.08609204045430657
0.06563754856573484
0.052940996857346434
0.07337224391523345
0.13254657141473292
-0.028812691739602825
-0.009355496293941667
0.419443763017606
0.17578254945387395
0.21383110590857413
0.09850306820257998
0.12214722301027686
0.1549486796610105
0.18972724986508216
0.1361349263692323
0.09021286846126553
0.08549807790523567
0.10803858408205746
0.22862694846184045
0.19517426467556337
0.11764667348472757
0.17078564955702552
0.15769282176896032
0.0521014890660883
0.02207221136401749
0.1496389890953727
0.1503502721276776
0.3411902009827618
0.03360846794203676
0.05802034814516671
0.09914239105861716
0.1994891094147897
0.18183467765250233
0.13415488429289396
0.29944278145450554
0.39100668149948103
0.33690310635770226
0.12775928864391983
0.05900695363305264
-0.0043564027802191485
0.19654954214698256
0.09007923511422278
0.1696117239095602
0.3986857623597906
-0.004761432685587208
0.04201064555885542
0.11340118654547854
0.028532799832544586
0.10052101920983408
0.13364321182727512
-0.04771065318252632
0.4147296308649143
-0.04443492688868278
0.419443763017606
0.11258761434610548
0.09262042889349087
0.026156690411090644
0.0957641283972222
0.12838337419700585
0.11971588216893791
0.10548089894064966
0.1255283015807609
0.1541700552566766
0.23234739664430376
0.05044021331478454
0.04977939853122226
0.0746266095514514
-0.016488213048005518
0.10306543590235867
0.06975794845321476
0.10209708916601545
0.10066854592542968
0.04665459044949527
0.14286794420596538
0.15412780339367343
0.11144447142765834
0.04039919784767121
0.02416297285953356
0.04201487221348538
0.05329470514829149
0.10888058450004717
0.10098112941437232
0.07525381871265285
-0.008818812044202096
-0.02288753278150607
0.12178952156664424
0.1560992104073372
0.03611735169324537
0.012477101366416277
0.17795639946534886
0.024192385577843256
0.1807045973961362
0.04687568729955505
0.07575730059524344
0.04844010334688864
0.17207322346157816
0.19551335574750872
-0.0033714978960360242
0.1888860689208956
0.1702411886728996
0.025048945033974424
0.055450796264020885
0.16171414825968083
-0.030557346848527567
0.08325554797625878
0.07395901336010197
0.049340171474028804
0.039739628781868874
0.22196134930226807
0.13321022775726027
0.10091513414136694
0.2234070898395446
0.10003293741523855
0.073336252810836
0.1056693096829443
0.03487977561788469
0.03539910291171239
0.11685828310264634
0.05057572003501021
0.07175251922119791
0.034879686459908466
0.13848506506129094
0.17840137628739805
0.14058637507758953
0.14832954514243774
0.10490795176466
0.06279508895130786
0.1767287265572559
0.0929765098390653
0.0737535467937756
0.07551565016382761
-0.02453878314312513
0.11249748711452706
0.1605684714074594
0.10823904869330231
0.06443125653547499
0.21610133467902293
0.09637141019024503
0.05120548348431436
0.108111161050712
0.3987800613059534
0.16832208837769008
0.19062355289464844
0.19080694427461486
0.14105943439496244
0.13583024249077258
0.11573504078458408
0.08936510418809179
0.13649586206823555
0.09442132790969221
0.3269560106044183
0.035090828598806745
0.19701014542163997
-0.016049301225122492
0.20634234133360374
0.14851761145508469
0.10215618572626639
0.22453962745878858
0.12578842474751412
0.035450292384897
0.21299421643333566
0.014989064711890432
0.16262576473406964
0.05936815258074496
0.15354004933598964
0.2424232064292628
0.0746266095514514
0.1811041972760798
0.26770242293222724
0.21250826874240675
0.10265192637621373
0.013569910132961993
0.1164064335897389
0.16325605472307625
0.19840896048126128
-0.02383292544271759
0.19496160411411023
0.17640648759134253
0.21619493927401273
0.1491453789508259
0.24867590414439483
0.024866599138798295
0.19742440160828095
0.14964773317326213
0.11682177025485552
0.13862398901529333
0.09292839086800464
0.033835307040240126
0.19995463185648227
0.09573427082963654
0.056877932938385334
0.11053856325778699
0.15208466960131461
0.19307929007374353
0.17539121919147116
0.4068214859404631
0.12401719881037748
0.04348523364227974
0.19410343392326396
0.33690310635770226
0.20876601098018477
0.19308218673484479
0.10180692831592347
0.04331731822702023
0.09322599719617886
0.10582380524676621
0.15952290273769287
0.06835734703525309
0.24033561050450392
0.1650897938257132
0.11984032134845019
0.09174936271778833
0.18321491817025537
0.07373093327634034
0.021435833023294326
0.05501200324008304
0.07050261681788961
-0.012571938544525152
0.23597584816860517
0.2363164164048287
0.06880291767682734
0.4138135286946843
0.03471695083905407
0.18164729329981483
0.03307536956156276
0.26642308958437244
0.10445659584242817
0.12917054536301725
0.16484333679054514
0.028733726318307617
0.19136406640575349
0.28745698456322544
0.06929486948043834
0.10116189456858354
0.13170809695962532
0.17426345555010075
0.3180480363796642
0.1383194000437445
-0.024972298603458287
0.060056697626653444
0.15293787945914794
0.14785849428550907
0.20053187619229335
0.3838337177376235
0.19090885569495558
0.06724085917500905
0.20797297050995867
0.13501664066040192
0.16145472068281358
0.14696098934543966
0.14011294698110666
0.14181564453908702
0.14696761954725324
0.1657645473273741
0.0865926623829496
0.13175133621749674
0.08123785849185894
0.06326644994158348
0.24374768063045116
0.11343228275410355
0.13653142333673446
0.08195649297407243
0.05827993172304724
0.2397114163714848
0.23627875019032923
0.07208526717499025
0.20374211032985656
0.24732668110324635
0.04301723068910002
0.2581491003900269
0.13858122881409896
0.16707194490652588
0.27960331099911534
0.1976170111424741
0.06910838631700666
0.1666982073023574
0.0890909834147186
0.12438359419382783
0.06299456120478314
0.14523378545029575
0.051321296381884984
0.09628797293008606
0.21799111537380977
0.23568348777661408
0.1368569672697127
0.09305889713096949
0.17647434508133025
0.4147296308649143
0.11939123976493737
0.0011500389943103206
-0.022224221034922942
0.1485124271901066
0.2944662836634304
0.3186933239962168
0.419443763017606
0.16048892653990182
0.12199150209616189
0.09669017482991898
0.1618532774042391
0.2305101207947406
0.15301950191546115
0.11794770433740448
0.1018884099937093
0.17538144821028684
0.16219749696755204
0.1053021663287444
0.16736738157867737
0.0659318478857388
0.08418721328072964
0.1962974680480341
0.16267738233590634
0.1789274448629059
0.12930872193352
0.07789798925333519
0.0515682954503604
0.18424949193756618
0.10803277058866889
0.20051712519052828
0.05395750295369006
0.035858127800966866
0.08825641137252083
0.040478298143336866
0.03990855151791167
0.04572841870337052
0.15243098080531975
0.16344047979771542
0.16634495780506764
0.17914170969701199
0.03644543028005365
0.10101939347235345
0.15862272535658367
0.20083373757513062
0.11598014351287472
0.20934660460343452
0.14901611882876914
0.12778111054752217
0.0978428868527279
0.16695077375501632
0.0665742941312984
0.15259295374206872
0.2194366854393091
0.10507985013818172
0.15503125548718782
0.09742011699048142
0.37548934687744273
0.2810593122648074
0.16044972677027763
0.14666092252557084
0.13103657220608683
0.1137099538347962
0.07465290388324008
0.09057334590400112
0.1429645920570567
0.1930897753214728
0.06868149167127552
0.1033835275687392
0.10414513524324337
0.16305512847762332
0.1430763015906193
0.3998775862427473
0.01955253909622595
0.19874656224895149
0.12922844868676236
0.023822218289725527
0.10009759384247802
0.12286975577262127
0.07192283402419053
-0.03167500288133218
0.1337296138918681
0.16083909674973362
-0.002746509219524851
-0.01801961109969824
0.015110953188155474
0.16309037707571378
0.30487379048203006
0.13676795085093424
0.109819846045008
0.030605867021406885
0.0141085947968827
0.12051085181649718
0.05045043266834187
0.18388538604846538
0.14908549559165257
0.06761637898949269
-0.02428103049271363
0.34210906914248435
-0.01557391842170347
-0.02063556197265254
0.1861551385942744
0.1994729044994044
0.1637640811929415
0.025490526888391873
0.30667972067973337
0.12398425873243202
0.16035704239525805
0.08386505094867303
0.19507243623293985
0.028275010873337725
0.04739666057199349
0.17265984069930218
0.1846951908793794
0.15048995999404957
0.2300945001829915
0.03633886979959333
0.10339747325387455
-0.03446055525128827
0.16065262943827868
0.10876397700631113
0.029007132268187852
0.1417164728498263
0.21750360679901193
0.18700382680028071
0.14919514996982775
0.2774543127798935
0.0676609044709281
0.17651740134096056
0.05643178195079129
0.205490708655865
0.15752386228005066
0.07173992226290876
0.015192372265573517
0.1739075496269698
0.1177103148771863
0.09944054310388523
0.1728926829607076
0.265491119564864
0.11516774294404569
0.15352643952973716
0.1204341896574801
0.1383543214709348
0.03117647914704058
0.1271527150010352
0.030697856391249057
0.12558874067952625
0.06038895263758448
0.1817076873195534
0.030800971129223143
0.18836296248144624
0.2545071331944569
0.2840533483011116
0.10358085865302158
0.056556301745019244
0.15262605065645735
0.05621655240610346
0.23008893910742861
0.2061569539559509
0.21720137583396082
0.1742233600153883
0.02199243855341032
0.17796499806766491
0.07871469133612613
0.1618272621238947
0.09029135412145795
0.13487842028910163
0.1409737824473466
0.1344018699516994
0.11482505566675688
0.043646976814532834
0.03406402692275584
0.023191726395498102
0.33803524745830177
0.04763295767495623
0.09558963947762894
0.10113278335286213
0.04934104110702381
0.04535864435468451
0.026079132660981663
0.10942397257677217
0.14625021546168315
0.06363915942114834
0.0620560907800114
0.09948078291407147
0.07927439206314896
0.20437189122959565
0.027696632221620276
0.01290941113957017
0.012903241632502338
0.0481788574233209
0.04498343270704924
0.14302276449401546
0.18206193262246817
0.12524521004072126
0.09950572609521002
0.15400712907322778
0.045892055313146884
0.19889862464939267
0.08717163086638086
-0.0008092895874948769
0.12892151647103556
0.11910245064182212
0.20591124726917742
0.11470829711585956
0.1006566367406373
0.171089917944044
0.16116370867491459
0.049361268539191816
0.19892422692982165
0.1660356695129553
0.09002935736342182
0.07261374320619751
0.08471425955054718
0.05722678042230761
0.1686396414645348
0.08383487414396823
0.19322264601435873
0.14263115114512226
0.04171798454904435
0.03932920958423208
0.1824049071697113
0.15072682773931884
0.04687997003889621
0.1311472998794863
0.15275335925611655
0.04134376159021552
0.01865034477802724
0.24036919836055676
0.0672722618079305
0.11912305566561826
-0.03465147292966908
0.15645831547227168
0.419443763017606
0.14655950661939815
0.419443763017606
0.07370160160067751
0.07456239079573801
0.1488627518871753
0.014307750111411055
0.14025308996733593
0.14795265226079662
0.280004518979439
0.2685171831886583
0.06569866215676018
0.2133566840823039
0.04526024365492354
0.010452391404062678
0.10882869463350664
0.06555827159353
0.12980575423990937
0.09476538947124591
0.2086589095365745
0.02876189698536108
0.37366503533015677
0.18550702963319204
0.17443190208917686
0.0634820613875744
0.11186519991495109
0.21137474306796256
0.03487977561788469
0.19075773807129048
0.23216421796578102
0.0627790045192328
0.33457361561791854
0.05780679957031182
0.06161151528687259
0.18059382459328605
0.04368208350716124
0.05844430764416331
0.17017496771609852
0.13083279852577506
0.04939091416146596
0.13362554738575788
0.18466958859895033
0.19063526155582727
0.0665957675585549
0.061129140592776576
0.127821684936534
0.08619350691104766
0.18123405463816872
0.09545446376755912
0.014482626183255243
0.10765410456521429
0.26539760199562784
0.17682849105165832
0.21763818394722567
0.034462234804162606
0.17239815728099556
0.05245928512954834
0.12006011512339021
0.181365746608025
0.04225306497953152
0.20758672529281508
0.09809298787401216
0.12013144714946927
0.2840242609724252
0.2156527956612444
0.09083766623063738
0.1799820851505426
0.1734941452646619
0.06238223684104599
0.20426565964803695
0.03487977561788469
0.06863603194419399
0.1529259059871489
0.2028289230843598
0.04225064145810298
0.13261231131124646
0.1253390528228716
0.06685399326812907
0.1328623134203299
0.419443763017606
0.1264073963373979
0.09031453943145079
-0.012045716567646803
0.12440564120971165
0.419443763017606
0.19293796700324395
0.0409401187873909
0.19105888618787709
0.03634879410151359
0.19853878634862654
0.11855736853628046
0.14672584567537383
0.15184657894693865
0.3812296469267755
0.054206058408119984
0.06253925867770349
0.12634057236136104
0.10598463437152678
0.34672613635952065
0.06815896876588606
0.16897761135374012
0.09347082336162893
0.1607929646919974
0.03786889819682193
0.2570040316990302
0.18910986491613851
0.11616562804184194
0.16998722525912296
0.0032574320981835214
0.20458198894120083
0.16673404349561693
0.18325075436351468
0.3053078825262707
0.09772471967485225
0.12023852653791223
0.11190916401496542
0.2180805773111753
0.1904410823364166
0.08275441360274605
0.2665932327890015
0.15772055290159442
0.07341381830960014
0.07616952446600306
0.08297717590785741
0.19471097113746788
0.09756662409250882
0.05664819052392833
0.10918116710798043
0.1387317074373428
0.12488382103907436
0.17378977444786436
0.11773211242491982
0.11049641427485729
-0.03517373699604048
0.09714524024936166
0.12253881942711387
0.17572922877052122
0.07468022616393
0.17730937759934373
0.1671596347948449
0.049656188720082706
0.02772525507476148
0.16701639104132382
0.11515182796448464
0.10457780925691218
0.05302462751233544
0.09286077597521147
0.028544004371208576
0.2682768217530243
0.04745484711653991
0.024618140867287808
0.11234432416579077
0.1039121087107292
0.07059097698450856
0.1822960431379263
0.06686598703997398
0.12443748303235325
0.10337380913706168
0.10798558648412027
0.08626804816133898
0.23208348179265864
0.17855478744518538
0.02793394563233015
0.06839251620297665
0.02038202987172183
0.21956064098421324
0.30859191910571815
0.3752604004325275
0.11373601057678545
0.035852590740304835
0.04217058904630672
0.13256229310062623
0.17728922694710453
0.03390654280330557
0.11103281118369718
0.13458684596322423
0.1418384982263748
0.1853244315548775
0.15179877210321768
0.05672417977487726
0.1254366211081454
0.12204519029805555
0.21101491815218076
0.3520132422247083
0.14043239322650575
-0.006192877227835625
0.30473872119643286
0.07389128142584328
0.11650993829252204
0.11320989830360773
0.11446288811819766
0.22177592066342594
0.040482498436185954
0.08806727658195218
0.1164275326832378
0.12230366879267368
0.1923714540824238
0.20904416560374695
0.0564822786626854
0.04627442093408235
0.14883551399227246
0.11010601994347591
0.1252217058484575
0.10654179796764501
0.06718730792979366
0.06864874821431338
0.1502809995411462
0.15240775037552912
0.2078307425883762
0.06705841067640705
0.08659792544494976
0.2208808503060753
0.32019625367779236
0.10888389585300345
0.20662861871071397
0.09729336513831532
0.3682547419744125
0.05427305420413531
0.16798932633925945
0.04388787304422026
0.24153035075355167
0.03803600279990649
0.02453878314312513
0.07312075816018315
0.31703486927377883
0.060962936751924546
0.13948886917960052
0.11190035533401976
0.2477174945738163
0.1652082177714857
0.13380433488378152
0.049560218440293735
0.1887152847464787
0.19227723324726953
0.16455157347818294
0.032661382287910434
0.01061210121925471
0.04376199571745698
0.08493013900841079
0.1552286130122008
0.3087168370099363
0.1683078665302168
0.1000849533131275
0.20315623903582924
0.047814718194495176
0.17144637821698117
-0.016262565015770836
0.13346887174610633
0.3233234359883081
0.1404779325019923
0.12654799054261318
0.17175462233912736
0.029357585692142585
0.1694060926468467
0.08844103630699601
0.15456908475427428
0.3165495259493633
0.04126745877628635
0.09262012632949751
0.0727503091146876
-0.01944479776063568
0.1212537548800533
0.2157976619971299
0.13704628389521195
-0.0005460962986488793
0.04706582607395349
0.11345792181691922
0.0312673307538231
0.04200372163881427
0.21686818226997262
0.22448086676718887
0.1939735831565309
0.028275010873337725
0.13593288863882402
0.19376011177357805
0.08559462737990742
0.11085441027489956
0.07614304414536704
0.07341755644714532
0.18814586099421282
0.11681478715716026
0.3347581311502813
0.146645713685068
0.048595010668304794
0.1624107339950081
0.13141339454883055
0.04057287047971725
0.09262920664819108
0.11287484881374577
0.02175670389162454
0.1262277837783513
0.3627700048646448
0.419443763017606
0.1462650970746377
0.1766105212614329
0.1166406953216324
0.15452059458278905
0.014609643223368995
0.043947581925800505
0.05625698203041124
0.10289969093358531
0.16099505164175354
0.0865882870190306
0.18030492915762952
0.1965105186354294
0.06909774770087057
0.1559354365344221
0.20871090217467297
0.17061384609062008
0.0865522711672953
0.08903173220335087
0.04383107358595639
0.05839802505625091
0.1587304635481478
0.06324886256621803
0.16145472068281358
0.1154607692120162
0.12041379621086507
0.20260959563576225
0.1956640433567986
0.030688399134293998
0.0788640068682745
0.23498831700541706
0.16766097093556376
0.018202851652647734
0.12397250106775881
0.34731257693196144
0.17602928626419112
0.09277806153419665
0.12393028604215861
-0.02830141718193563
0.06301693960823418
0.18035532414543587
0.20209981906328012
0.17188721650347782
0.058727148855732936
0.06988842333378464
0.0496581049111216
0.021893524571966083
0.1473288666895326
0.15756176365653946
0.3999746511784026
0.16496966932849177
0.1414310307613429
-0.008160760810416001
0.233049174908892
0.20135811022855776
0.0003635647608413728
0.19454407077111108
0.16252735652522382
0.03993630648241514
0.13628184841488
0.07445868552529733
0.13791815858797213
0.06024209399231106
0.09730410166575232
0.0887936845659183
0.11392045335136264
0.04318218355040909
0.02276206591248625
0.18924537906431332
0.1991577253767589
0.03487977561788469
0.1767606090172264
0.17112087866734949
0.3547873098955359
0.12282750902083511
0.06243178608787614
-0.03616006966682883
-0.03172957952698091
0.273615961138825
0.20304439936994367
0.07670853448672543
0.20315623903582924
0.12895115035627586
0.10060716276351905
0.21317703707682223
0.1516276684948339
0.16727451653928072
0.36748413701733623
0.15037138872603079
0.04701163247501894
0.1218167665662111
0.21385155711860676
0.07705452791341522
0.05795637913603624
0.23774755048651713
0.16673404349561693
0.1984617152904974
0.17835812534945172
0.19447216628626146
0.08740294466419851
0.06738463925482652
0.21115221855009902
0.10157229041384475
0.0989251850199942
0.2934701549880164
0.1629223373522184
0.02488511351098538
0.26055166192950036
0.16823948563076568
0.1818482293353053
0.012928955768258643
0.15267955407575962
0.11336838687637346
0.18045648929770086
0.1351513384095775
0.05052986553908617
0.010316165265501054
-0.04633982762065908
0.09823740387619756
0.05737264752588361
0.04450045119151025
0.14506514025540246
0.07425378616426931
0.26292666702029616
0.16035704239525805
0.10642268584801562
0.27148213189627635
0.37548934687744273
0.4184305959117207
0.18621243568206958
0.2106941783338302
0.13970824442770607
0.08562109867766582
0.3372646497867923
0.2166181784325566
0.2232121216136198
0.1947664433790519
0.13550645558904895
0.09414157065937134
0.10080470142380255
0.038872760721551214
0.07991735102857195
0.2138051554553989
0.15860438853141262
0.10463827022646105
0.09368729252039809
0.2086448021059073
0.13863613362314192
0.06639020248979544
0.18986360057017154
0.1084581692285631
0.07703788490075358
0.028764394531714532
0.06054038284576052
0.043033343572299654
0.17184209292316643
0.1613882653709151
0.3373949369897928
0.15528850365413188
0.03795717623425293
0.16039044148070403
0.19054090614787966
0.08209621977603782
0.15134382558278825
-3.397401086191465e-05
0.19309690113753314
0.03517847532958124
0.06246460476049798
0.21485775198422974
0.12397583383579658
0.08316792421941249
0.07232410502000325
0.07352774526946243
0.045009232796611176
0.03930344488872878
0.0956269636399471
0.3536211141780868
0.2685171831886583
0.040482498436185954
0.11113060374832073
0.04854090741455558
0.2587890479168299
0.2168013557129067
0.15152265062933196
0.11314099307799774
0.2567240440426064
0.2677458439261793
0.20058327440544382
0.15618659516820704
0.09262920664819108
0.010987906076432852
0.2119388167377269
0.052725538199362265
0.15752471947362806
0.19520747945624212
0.17695351099144407
0.08107972691955884
0.24821235037861833
0.04887276792949108
0.06856901658828296
0.1652107415414305
0.07769923966386622
0.20221421429893444
0.05090395829697808
0.0694621982007414
-0.007100968330800872
0.1877752896283243
0.0704959478164553
0.17419012800386469
0.005926625657957707
0.10297264851951471
0.08921268087211737
0.1801952330877845
0.19070190605827475
0.1939628636681246
0.1421638898089002
0.18624878623676727
0.020765886433864345
0.1351894934049891
0.06870550563067518
0.24540299425637818
0.1692115827086405
0.10196079439623768
-0.02019279668027979
0.20008488692628001
0.18207783669010114
0.13608640649732046
0.19050039906020771
0.01818310823457675
0.12294962307498963
0.053497292878948444
0.13242574346154112
0.2474632283685676
0.10197472084814724
-0.009105231442431083
0.22698954539425514
0.14131469639687289
0.2962695350337495
0.15890126705684038
0.17019798136388725
0.04360527223911487
0.10717905081310358
0.128162301730175
0.2913720239083637
0.013628465054228711
0.4045917183954387
0.10425284857024164
0.12004682582320536
0.05175760143041919
0.14882990766264803
0.36136140984285203
0.1235488036453456
0.10500953754926007
0.22151349213122218
0.0375067454493378
0.03211373338541851
0.1808391327902079
0.09852734710342331
0.08407974826273357
0.10665869045555793
0.0755796436919578
0.18160755588089994
-0.012191116349836328
0.20269277033847988
-0.012813043070863894
0.039970349630705504
0.09647398495998172
0.3694863259061393
0.2422854938478961
0.004903287400337797
0.13039135291989762
0.11545879827757644
0.09977247452645266
0.21701160500347016
0.06089520883162536
0.0007088199648766502
0.22754817181219333
0.11266539434226641
0.0618329591687673
0.21629831778449143
0.055138104115880215
0.10590319104682361
0.05832400775773178
0.07387407795441475
0.1988645356260279
0.1735922267413082
0.12980091314680225
0.031109249097152902
0.07542307936063725
0.3998775862427473
0.12749593672622356
0.20486578277004464
0.1534313385550023
0.030397719162018222
0.13670456498864264
0.06720249942292728
0.10386501444055146
0.057702777268757444
0.10512419553013119
0.046244188818951426
0.1333009445863828
-0.013468566347849542
0.1627859457234498
0.2092529046141791
0.012753341697814613
0.08208615195738256
0.1865353049294204
0.2013411278369862
0.07306403435849301
0.13293937957612506
0.12323137581767013
0.0885644759277428
0.13212682471600418
0.16171414825968083
0.14053438046077688
0.1699298855903868
-0.013742676026833711
0.12549887436932428
0.23091635597381593
0.0885947058311804
0.1496339767332453
0.17902723021764838
0.185013908949072
0.0932137127355348
0.07055552262866105
0.23918667823285772
0.08225801210861261
0.1851420898239441
0.419443763017606
0.09830607786044138
0.18757787164791467
0.11789194159086064
0.021527823906535237
0.09765180273396801
0.07765966250448608
0.16524111827551774
0.1244332933234395
0.2110344324319509
0.2008661178298028
0.11616147243878489
0.13410049117597078
0.03250572784238498
0.08116598630268218
0.19953769556278828
0.14135160887648623
0.05946714002295356
0.3264563889681112
0.02128312796949311
0.1443565214908315
0.08792417091161603
-0.045009232796611176
0.1576846047047608
0.001671648697837147
0.1085356777030056
0.12000658583084439
0.023898018537069354
0.03277701261146093
0.14679561880466124
0.14921134858747853
0.06234870544723803
0.08482009065236384
0.1581713330292479
0.05556978170590843
0.002088032243206972
0.07447351081545944
0.202232213400866
0.010556514763702562
0.049257216563841855
0.05279462614211983
0.22304668006703038
0.2020909483461245
0.16143025630089064
0.19680647562882292
0.12998153305716315
0.3185733509891274
-0.014804830562487103
-0.018942836447552347
0.09283259385555948
0.17180521452202968
0.273615961138825
0.1614828914402498
0.1065383742108359
0.419443763017606
0.29539972619950333
0.13505098998583576
0.2021723131817144
0.18336000409204106
0.0846351163774659
0.18808785657729826
0.2077112160268263
0.20062069823577228
0.18405713609984314
0.14954044691002932
0.015532670613793487
0.05443235224269721
0.15293898165262665
0.1095309561150184
0.4184305959117207
0.16377535200514992
0.035730380776608894
0.1905251209396624
0.0515502872422231
0.1056693096829443
0.19373605774828478
0.09660541456722316
0.12460845644869684
-0.03881281639036449
0.19892422692982165
0.1842580434661859
0.22310154329264237
0.09615468998325394
0.24475506767192035
0.028275010873337725
0.05189599399698991
0.04705215824828568
0.09891669799956082
0.15456531677667384
0.05983273686553098
-0.023887973069672608
0.15387853390331346
0.03958200645771143
0.053453889582549985
0.17947369464702417
0.2847186511321304
0.34634864008919297
0.1232547416431834
0.1886956495723111
0.13851824031327714
0.12642559556817728
0.04678078703801941
0.2106206574254847
0.18608650712673652
0.03186817794681723
0.14795674765485872
0.09619122948883163
0.07084604734415662
0.27892181004547895
0.4147296308649143
0.2378724698472936
-0.018596696161161164
0.2198505100248604
0.33086376212174096
0.15003700064195474
0.014173733256246324
0.10342406171040736
0.08235750527695723
0.21423441164532592
0.185946974208818
0.06575320831367915
0.11449524721204696
0.09474506452932746
0.2813583315756044
0.05989264633065422
0.06445375237540502
0.06367571674890499
0.12655171485166056
0.18362302887090964
0.1539928437057772
0.07463740586895268
0.20195825407281365
0.06299260199998313
0.08212211621871496
0.09169007822514114
0.04083092229619656
0.06337501805025647
0.20605407714688706
0.1788790120120749
0.18081216069539424
0.034686265357781076
0.4148266958005697
0.059979179800134064
0.08031964767532696
0.11452730213775092
0.09262920664819108
0.06167185811667897
0.1218115032353701
0.042110331179077864
0.12945031559750242
0.05696144820616822
0.06489241565542081
0.3394101050895461
0.1496339767332453
0.18737369729591036
0.2638030510359668
0.21982035342335632
0.1970266659231828
0.1992606660630717
0.052248784219025846
0.14094581864723155
0.13247264020521415
0.2304292202213229
0.11256581580186775
0.3591491365050782
0.043792414717867156
0.08204973546931493
0.038473238141456645
0.08997853575964337
0.1895638754736489
0.0167083517395189
0.3986857623597906
0.08989348895365401
0.419443763017606
0.08936833699977426
-0.02090132701680486
0.13508424284380943
0.22293571499987103
0.12231301162615671
0.12394596045818645
0.15648618987979562
0.11208035231233049
0.1699629732470262
0.12678519826432194
0.13776472420889435
0.13103657220608683
0.010009966193302022
0.1399116995409309
0.029392098936609268
0.24569962653426908
0.07314709033561506
0.2878522210826269
0.059660299000916184
0.10688928623690569
0.09884473276146899
0.22827226950119456
0.160814161165522
0.12592653193852738
0.1434528191306786
0.09148405251894953
0.09555239616005728
0.15267955407575962
0.14744716463823887
0.1691117114585849
0.08379108527414986
0.1195666349024671
0.15199983477174595
-0.032745242860060364
0.03337378882350456
0.23666768887860817
0.009554399029322536
0.0739864563347295
0.09240967485581891
0.016105254667024393
0.19018595407348143
-0.02220643060736155
0.1962974680480341
0.11343478964258896
0.1754530439267693
0.169522469305806
0.15085102683249313
0.15611876644621414
0.02453878314312513
0.031001354173190332
0.3357450627029552
0.17470187003281068
0.4147296308649143
0.1407403546891054
0.044060073767189456
0.2143239998910696
0.09416664092726756
0.08742310140729476
0.07851817214824841
0.14429642804964904
0.23199992304675687
0.16178496680525734
0.18780505877977927
0.04893208570199309
0.06491491532597299
0.19125478284031017
0.15614381343897848
0.19640933068095473
0.14687964843336648
0.058167724997386094
0.3066817626616511
0.0940198472017108
0.15254473356523118
0.1437278322219549
0.20413860056265265
0.14856521424664704
0.044102629744728616
0.22517921761430826
0.036163527991477484
-0.0010920628705444746
0.16803001553701896
0.07005255587753179
0.03880312345482323
0.177209103092827
-0.018213946614431653
0.030765634381822782
0.004806936157431274
0.12700625710659263
0.14415251366254084
0.3838337177376235
0.13270067538819397
0.09574099311112977
0.3998775862427473
0.10186224257628146
0.10126716693166615
0.02990502571826409
0.12478081155183035
0.08892900692061989
0.1330647243271031
0.15708691223036308
0.3848335470379263
0.18939115779770876
0.050492637788767336
0.12347300007095935
0.0766233343219645
-0.055778827542459
0.07395045817269341
0.04522629783392812
0.12409752364310211
0.004703602255640371
0.20054155410830854
0.09425107189963039
0.11457397623409349
0.120551112631898
0.01179446243161797
0.15587061857901652
0.09753523271122749
0.1095043165864037
-0.008100285131045548
0.04419082062862151
0.15687211220195363
0.1537038881076473
0.12478792918641274
0.21414384468672776
0.11063853781083838
0.16249897938569524
0.033963554169322174
0.05365606097623815
0.03331061698836146
-0.03983459045412446
0.11654144977514791
0.08188182042848607
0.0963107381370022
0.2208275655481733
0.3415201735747383
0.039019965664072453
0.1730334170323624
0.16051516843212688
0.13029633184042422
0.1746322642160632
0.1556822039634817
0.12858937188502167
0.04971131257777878
0.16007775659838663
0.12591339446610034
0.18793984949047582
0.39100668149948103
0.16475972560219515
0.21505746159740535
0.1677161316283628
0.16537693763119404
0.15748228025875244
0.23769880890925948
0.39196944131829614
0.008578403767172893
0.029946466207516453
0.06936998373875897
0.030987035738747504
0.20034072321931057
0.1734941452646619
0.37366503533015677
0.16197801681853058
0.161961993456387
0.28607386494579917
0.04988988978542991
0.1743446686485729
0.1923714540824238
0.20113761249497397
0.10499765469117794
0.10638159926988638
0.2128036551630308
0.17142441500377487
0.07267640107623702
0.19397395244223375
0.04225801950881364
0.006598305636912993
0.04893449853350135
0.16684946951894264
0.1789274448629059
0.1154711465037559
0.06611899238304758
0.15648618987979562
0.03734746277132073
0.13270067538819397
0.16159043169038445
0.031324226590125626
0.06467254330183386
0.08239097744041679
0.15601898053312524
0.21244144218534056
0.13109549555414923
0.18960380662507847
0.20781068250631446
0.14917869573460757
0.039290669457392624
0.1782308591275787
0.12822849937445469
0.0884521804528205
0.17841967474623688
0.07850100803279797
0.12035289972653535
0.055882334548787715
0.2722902774208616
0.06601492647794527
0.16029347104379138
0.1672579252886004
0.05863464767721738
0.1662607321847578
0.32193862746576213
0.15706066407684977
0.17690045071079036
0.18001344521690638
0.3020340840614589
0.029112373703579553
0.09299293635852929
0.14028833269927415
0.026113271802456872
0.05031483514058449
0.0913535464233422
0.419443763017606
0.17735580761763153
0.08883721323405308
0.16460432510253675
0.03463036658552332
0.1223899616587335
0.03513391824629153
0.04610128074253583
0.02994745511142538
0.08268175239689929
0.04911546238643183
0.14883293157203048
0.06624740124690204
0.1801293098615706
0.219014218546359
0.05900734305377936
-0.054015880045843845
0.13412271742194748
0.10684013797396069
0.07106564893429868
0.14043957455680028
0.20967463041767176
0.05910141162171656
0.04738498764512317
0.14816115689795611
0.06324060921037727
0.10531577800906189
0.21477704765986372
0.1158100740900539
0.2112501530668019
-0.011616336589708065
0.18077118272853548
0.2426183775504402
0.030605867021406885
0.27961987318196363
0.11809833674722398
0.1984042778145183
0.1868012417049723
0.18388031205137795
0.14454302190243012
0.03135752203369113
0.08641319195389435
0.29257935210537556
0.0633924575478566
0.04429277840006257
0.04429277840006257
0.1774938050045441
0.05319135338727671
0.11850073008244016
-0.03185376988252764
0.09809627773098195
0.07521866691882034
0.0957503860427778
0.09193832348602826
0.16922684545156558
0.08832872548368964
0.2136531377778002
0.11337179336365283
0.12044484836815478
0.021857915204978817
0.09624485593721482
0.12744685022254898
0.06524348552355397
0.15746637653694523
0.1199518674563787
0.06536630740741906
0.419443763017606
0.11663238251560837
0.16145472068281358
0.01989784493243757
0.13217364367610362
0.0404505430799017
0.16798260119326647
0.3986857623597906
0.15284616557636505
0.071112281485538
0.1364807295800876
0.18803800323365322
0.1715492289893799
0.14935364253452216
0.419443763017606
0.1984042778145183
0.10216697085668652
0.18435999562601402
0.2015512914200112
0.13175133621749674
0.08327602909440712
0.2233116702192003
0.22093955367603763
0.070567783862507
0.2152093684668771
0.15021795936745574
0.22943301379437475
0.10471666869831336
0.10638927870104531
0.02434526760447131
0.1664319907548638
0.10012987890552133
0.13648538451461828
0.26347739774671464
0.13708396817372875
0.1062520148378116
0.34828593858156404
0.19609177836362174
0.252155845378185
0.1005331662229168
0.11032208738626942
0.07133210645149868
0.06232764563641913
0.3314473652039093
0.08243530021465684
0.07334030936595576
0.0467379669010764
0.04877126522807662
0.07218039728950648
0.2746399103631426
0.05882339193217656
0.038757351754314884
0.11065602954815557
0.17598431483021065
0.015096310256016043
0.032701818407429806
0.0653866754176371
0.05727296397742271
0.1160273545437962
0.19677769896740793
0.0716337687041006
0.31232073712108727
0.06285975087703644
0.14940228884604173
0.193919859933544
0.2575757071441208
0.09463647349064169
0.0989665975191043
0.1444608288171118
0.11964587802768184
0.039797737177681036
0.12930416857184607
0.1398946657240373
0.1822960431379263
0.163276399826365
0.1703883256880856
0.1520121277881198
0.15293898165262665
0.058406906707857364
0.1864257930263984
0.08105529509199522
0.02400156861500463
0.15008084844510106
0.059879748786812625
0.05709419716513725
0.05384238527660262
0.17348469359506685
0.011236984543732675
0.17118772715523156
0.17769727318114747
0.08063048252284233
0.23820045594620037
0.2573993866550541
0.1595885265397664
0.15963732819457882
0.04926717570321293
0.05950745412784736
0.1575539095148199
0.14543313889991616
0.10380080203988534
0.2668458953548689
0.18732094585773557
0.22286887278039236
-0.011292639449904218
0.08832872548368964
0.36748413701733623
0.07689465542452711
0.1118807295195931
0.11608057186523424
0.09425465595813848
0.11624536584443085
0.046114139205797766
-0.01402299419906039
0.15719970666776073
0.13051740967780762
0.06774400344030368
0.10253932997439569
0.2638030510359668
0.11703352036583908
0.04384012000919113
0.040487672820411214
0.009411805014616359
0.06910421672463501
0.32089301808078796
0.0559687293004531
0.0923733198076061
0.051582587824305026
0.35054773894882774
0.12680636766003456
0.12231480784766952
0.1187266973309467
0.3759136184155822
0.2788218723705231
0.14022238346303267
0.06734721680363881
0.2024148766637313
0.09789606985121746
0.06280518571288124
0.1682720304579537
0.06655758781117138
0.07335716180757135
0.028952129855857878
0.04223884176049636
0.18835302073162202
-0.015670056829282353
0.2871820394392916
0.05727296397742271
0.03189795181831345
0.12471071704978953
0.17965608511587783
0.15660534260669684
0.07022984398357601
0.06020698403045727
0.08887730837645841
0.004834373157286298
0.04383808459080518
0.12251084140416602
0.3445091909730887
0.14182869425880096
0.05512594035171964
0.13319238179765913
0.2794218820038556
0.3106451025721836
0.27892134438841076
0.051114174820725555
0.1604313422843172
0.12242986906884712
0.09432620846533235
0.1015545427126302
0.1519283131429907
0.11466165506289933
0.14996631281473083
0.2613259303660425
0.13288390298601815
0.3085138053943037
0.361454320496182
0.03797592623712981
0.16547420879323782
0.08417313715453684
0.08595148610199238
0.1880150924967281
0.1932527035454758
0.12753840353412543
0.03268597168304288
0.04273179443694802
0.20291673961667994
-0.005750437357349092
0.08406518831246768
0.050231978208159
0.0821182714141348
0.10836139134129857
0.09918061916781712
0.08610613428028391
0.036916424900415024
0.1779055653239192
0.23370284860472823
0.13954155650382066
0.06734685392417539
0.08896122131576717
0.21548914869871766
0.22600299309409233
-0.005941345166774081
0.147338339174451
0.12895592037408288
0.034501133799585526
0.008397619626949737
0.273914495854742
0.02001305083213062
0.1427813118843228
0.05871018601884481
0.18537647437279153
0.3207548393347093
0.04476359558354326
0.19565097208597232
-0.03624723071785857
0.30826203277119546
0.13275066803743313
0.09373797025443914
0.0878046350130508
0.023425454320423367
0.18149511710237276
0.05357857210889366
0.11970482551104822
-0.034018872121901245
0.2577079478687794
0.2020909483461245
0.1749062180360667
0.3421364843711225
0.056584190927497724
0.09207703438102294
0.0968788675326942
0.007272354217399246
0.2177790930149051
0.1036883093621781
0.15304405566290602
0.06699218088062087
0.04824569839196963
0.11138416685302788
0.22688695497638423
0.12990785498312785
0.029237745525407977
0.1314588039036399
0.08792270194717877
0.08318215505000831
0.048797067912059566
0.27484607740610273
0.18666422087645712
0.015899802334796376
0.1152008665864655
0.12597620463238768
0.10797580249918898
0.06213825606590523
0.10246650489361381
0.06210841534836281
0.12145040968678444
0.264261218951728
0.14636789112110066
0.19200607846586543
0.17855478744518538
0.21244144218534056
0.11687605039213272
0.3999746511784026
0.18963811940196829
0.0653304646680613
0.11394352045686967
0.1266049932171599
0.09643537243396066
0.10608123843822792
0.0965655102784323
0.0751017060422981
0.13018819127361525
0.034054488572036745
0.006306825850913467
0.3146831601242911
0.17925241608613113
0.04363581441812292
0.1555131308404445
0.11285407688541721
0.10306884163838886
0.021807129689685678
0.18206193262246817
0.020882869100391888
0.19338282093690567
0.1275549987231802
0.149957905050852
0.23559159228373922
0.15608981324271165
0.1387521327085257
0.0989317214177251
0.030605867021406885
0.1572823354124141
0.14764272124308647
-0.004430506187056704
0.04330452611994984
0.026767994620072177
0.0966450205046972
0.15419871189361195
0.35580047700142137
0.32674373288207725
0.32484375119951797
0.04949817188829547
-0.004578215576509226
0.07493437255620711
0.07476249867360846
0.1435111926451098
0.05181054092888826
0.1264474376401244
0.23094235270756414
0.08396225860603868
0.15371118769979392
0.06198695537111071
0.419443763017606
0.05959421036649315
0.12952595052682636
0.05946714002295356
0.0668795587489256
0.1819986058320176
0.13985361970456434
0.12710945748630686
0.16057276776221785
0.05844652285297308
0.023017289750599412
0.10259871116140773
0.11095700104065864
0.1560353143166277
0.10148647292728752
0.10450071946633843
0.015469477285294131
0.09114268596299607
0.02764188253337424
0.07058484585826025
0.419443763017606
0.17712921840756152
0.1786615079122742
0.20291673961667994
0.05137206810024253
-0.006841457634016335
0.05171560009699616
0.03937566437866247
0.02683985431196223
0.16385951168852564
0.2164133650714617
0.06778005915372137
0.07710850385741008
0.2151945192524395
0.17143001041394623
0.07037273636146318
0.17078564955702552
0.17656336842808634
0.16113508608044858
0.3792166505205871
0.32740906056358854
0.09606403095405724
0.10626089730025934
0.09852734710342331
0.17868622684907715
0.060463627396576236
-0.013413679025322478
0.1162107308094249
0.37615463687731393
0.08815969430963222
0.3246423727096494
0.08587392963875745
0.072450603384133
0.09827252167586953
0.0228846827068947
0.11302162479568834
0.04008715666490248
0.2085126821667478
0.08451385451763016
0.05010757200760402
0.13865889917006768
0.058265866313831405
0.20589873689635274
0.13898676034121554
0.2708757323785099
0.04398714187612979
0.0317470427111477
0.022207926995055804
0.2211346522353636
0.12222999313120564
0.419443763017606
0.07017437498155471
0.15651896770767887
0.14993547111054117
0.16962439323605039
0.09437954636480334
0.07168496206450231
0.17735580761763153
0.01970806695747812
0.333841092714429
0.1606731904425499
0.10634248195017976
0.1757405405655207
-0.07196655294972348
0.08705908339422447
0.006585791644291794
0.16156518183819707
0.03825739025086711
0.11527836531573948
0.00900533726058561
0.016013764273530906
0.04271930530633766
0.1268109032238921
0.10436042650475963
0.10268326389120458
-0.021039855305518718
0.184942152483639
0.1066314581402577
0.10856160654110508
0.09074199606548156
0.12730902954805257
0.04392022775591575
0.0897532025027567
0.11217809555890773
0.08366052813200836
0.05494729399996651
-0.008803137783050363
0.11890662224701742
0.16633250962625157
0.07602812418142801
0.34531038804315856
0.04742190469403418
0.12664032726913693
0.03633886979959333
0.07419335318343273
-0.012302218618354122
0.07571642595811329
0.419443763017606
0.1336206455695973
0.30512839332824276
0.1450396499440254
0.05340974956883254
0.419443763017606
0.13869306240147578
0.06394697110682523
0.16733147501555645
0.1579109551804208
0.03578672989858356
0.20353175960598585
0.198989982519862
0.14552201064991382
0.2118314507531232
0.07830239351280732
0.08107856595076512
0.006757313224443284
0.17443383407727037
0.10061760502557893
0.14661330985539245
0.1844874163477293
0.39034139149960984
0.1551046566223842
0.11189555151520197
0.13009498626954052
0.030537241835481288
-0.018689516654886773
-0.01213985439597004
0.10381543435130486
0.04351208440663967
0.00048386529018584756
0.00306513069275699
0.07568899149248298
0.19698935639132964
0.0870369534532171
0.11203390872739605
0.14835050187145554
0.20865392657742454
0.13343447717930734
0.06280762758475833
0.22267810791902432
0.10379894537167716
0.09073395317694843
0.01830913628320957
0.18138778047508425
0.06347573152139452
0.22918094751660717
0.1865138076188933
0.0832582324653639
0.07549599410403868
0.11248762050671529
-0.010769884223782722
0.1700995034973996
0.18902030955856663
-0.018970423048300267
0.11067914902855641
0.12649224822270594
0.1254152889698874
0.1496339767332453
0.18035845750535384
0.23716740995148022
0.159038588324237
0.10968129255391668
0.11424251582601008
0.04263512765460481
0.13848506506129094
0.03608473998397538
0.15706066407684977
0.07752867622814369
0.17544799622162321
0.33221304289574294
0.0648318748416144
0.2067523213713972
0.1730294409479789
0.016989137119394038
0.2930024874896179
0.20537091786631229
0.0885234967466823
0.18055071013285556
0.16074369552222595
0.0849328278742793
0.08044091267555376
0.2677458439261793
0.18218505289875314
-0.04365463298734096
0.04684168353649748
0.1628595473622934
0.05353015646327214
0.05954601145926536
0.01126713197155188
0.06685430877642673
-0.0251560896111932
0.11627673709090192
0.017586348576050903
0.03429944178306582
0.07084017943373605
0.2746389771973661
0.05237446102151072
0.18328609052249195
0.16236938405429618
0.143879949777852
0.07626233672891403
-0.021881159879756085
0.20833624795304984
0.07141764389602179
0.1509300178385325
0.12802910937217388
0.11008898611553208
0.06848510669286634
0.0644988498504841
0.12149695878605249
0.028812691739602825
0.1095111911143522
-0.040482498436185954
0.16978559688327005
0.1503735372834603
0.0760573376844273
0.039477793153503804
0.18852903680641986
-0.039094017998880015
0.13839041841076638
0.10734770483918515
0.023705538568028373
0.02661321846489023
0.06458441640018764
0.21585888588324958
0.04962909431109386
0.18688887674974441
0.10305598253367954
0.053034941647646494
0.1240925581651226
0.11119964905690577
0.1549855532922148
-0.008283734524994368
0.3544590730431188
0.1448553011800751
0.05582009791773346
0.09459002678847384
0.04686561114605692
0.0005059711997440486
0.06769347221882765
0.17136373511649955
0.07772232781145555
0.1782308591275787
0.13425757971685393
0.018137377355353645
0.08573444752641562
0.17953604654254607
0.14809126705661918
0.10946322087517274
0.24050917032736513
0.10119593066507376
0.04664083124264512
0.12042413653057282
0.13725626372140082
0.21954070455458558
0.22106413115325513
0.2227262936362977
0.19239929688752155
0.419443763017606
0.0856394501649343
0.13578349149939806
0.1556822039634817
0.00782502461495932
-0.027825977560268667
0.10404473415000992
0.03881029910805489
0.042255624780705214
0.1186137301317402
0.18516763365184224
0.02100653873068975
0.0710499247339561
0.4147296308649143
0.03334612322039332
0.17272154764902292
0.2943729564497858
0.03903023543834733
0.2126924493949106
0.27348571528857973
0.12061175592948153
0.1134686806776628
0.047310821009467485
0.09421543826784678
-0.013079571646596178
0.2804071703870959
0.11018822968584413
0.10150506384510327
0.019684497919029265
0.09654130307706121
0.12075050574280005
0.1425784265430317
0.16515028047563102
0.05570402788671264
0.027399769526434747
-0.012091208107599172
0.008083878618365736
0.13540000434025273
0.09201065092063909
0.0338009137063674
0.24293054502960054
0.07550344406567328
0.11348008918082314
0.07029054764566611
0.41371646375902904
0.06377474259588378
0.007561312909425855
0.3330787377789027
0.0018343800579427305
0.11931466101794491
0.12260903969869719
0.16638843434930273
0.20425488443688655
0.1842580434661859
0.1612200264248101
0.31565606138454233
0.07218835624584152
0.04913102429464089
0.021263162331219665
0.22072044960843828
0.18164844894728926
0.11265568261108377
0.07569422909016166
0.15434327269438142
0.03454030861989976
0.17199517098065847
0.09929554532433604
0.13271737815273726
0.10139536506074087
0.05943826624315418
0.20228331229566415
0.10121615669685924
0.22558164561011546
0.09209618015166876
0.08793798041264378
0.0007737226844513057
0.30103775614962686
0.1404963177569294
0.1287806762618216
0.19342806649942812
0.04495443618784495
0.13338504257803296
0.16594854734324171
0.22699554929190247
0.16115446795957328
0.04760199582124963
0.11172084337332955
0.10051329420686861
0.16581480641965818
0.17757177900064947
0.18462347526345474
0.096211921343268
0.15934287391912721
0.15037342666528053
0.07530834082544063
0.2972607802082798
0.05558790872224917
0.13918398285952266
0.08233768307310374
0.4045917183954387
0.09276747354969583
0.1978894660850355
0.09790119702967676
0.11820055957521414
0.2108676190297446
0.005335773178282821
-0.004726081720167141
0.10469986019320532
0.0228823452297216
0.241430465125681
0.1195155243183954
0.029992304526002433
0.09095639909167785
0.31703486927377883
-0.002923496291638572
0.2842705662207898
0.280004518979439
0.043368836575878644
0.15649431454696738
0.1464113450270969
0.2949672305985491
0.07143532858089957
0.030970775370970482
0.14415251366254084
0.12257519987498372
0.1790489693062131
0.13494597399089936
0.08599286278062274
0.24268857995314874
0.03350383843665811
0.14882951654712728
0.16998638037743719
0.08338189082868624
0.3279094241244827
0.10358070902697475
0.26558439036345577
0.09948078291407147
0.06400549839020808
0.17042741737811284
0.2629994862320048
0.08213873901109364
0.17349476831005906
0.015495325865301446
0.14360885316076089
0.100691626680116
0.2013387385708782
0.19805962785194337
0.11369702704228063
0.08529529005966935
0.13028008511503697
0.2140237568371121
0.11386773050754107
0.08418219928921089
0.22961443402379206
0.1476249505786132
0.1252316029448977
0.09278444800966101
-0.006033109867420006
0.33833416977613506
0.06621190845678104
0.13447739481370974
-0.005614779686577698
0.29014698814690965
0.07439460476020027
0.028154068971777968
0.03557969874229788
-0.009069375220650822
0.07420988299604553
0.015402554587027162
0.23730069487837896
0.04961565392133627
0.00020627744816503757
0.03357809441457266
0.060203327399464046
0.013337270009831481
0.21652816586913748
0.10214482044053702
0.07193428818960107
0.12035289972653535
0.015260021446250438
0.1201279535123379
0.1507804725028437
0.06514753569169585
0.07221780169627978
0.34988175891294016
0.07867006227514467
0.04651694957067465
0.2274406299851
0.028338344311091113
-0.043314917481836857
0.210714037517378
0.15816101714646397
0.12756209013627773
0.034892552280546496
0.10730097255881382
0.062376916311814634
0.0507869904560217
0.08525098289562422
-0.04015405004745298
0.12323658152075118
0.1582565045904289
0.17107226004053966
0.03790294057618099
0.1360244119268193
0.043592506621292326
0.06827577865409246
0.16188466541950014
0.12407582605735518
-0.02170441943781576
0.1132691631223825
0.188176733776233
0.04618642428731784
0.16673404349561693
0.1382267164588557
0.0701060763048173
0.028275010873337725
0.28336113508770416
0.16647461591874968
0.046108876469464544
0.12439637360847294
0.05528652979097404
0.10941652243589356
0.09694427049984294
0.10717471243057691
0.39100668149948103
0.13030822077384774
0.419443763017606
0.13809249668932477
0.1552286130122008
0.02542491375694328
0.15965245066057687
0.10487117732692863
0.04074729164120766
0.0508696676801792
0.10130939615537854
0.09677585915154202
0.002142915910225196
0.10201020348239748
0.12515821768436586
0.051488357592062606
0.10458175664728997
0.07555062596630746
0.21562800448391406
0.024201302755771703
0.2056010579907827
0.08427467889644846
0.1404718742880004
0.07019994111010253
0.09523932907732158
0.15365414845124375
0.3126560545289817
-0.002169271358457403
-0.002814148685072737
0.21008230730004201
0.04519799273266645
0.11274780609227242
0.04740494217222374
0.419443763017606
0.15947574623785077
0.12100992635555796
0.07433793526799226
0.37723010373323235
0.08113339502384964
0.01168015088818991
0.03673939131252063
0.039217375167445445
0.16526591581249522
0.1587304635481478
0.16066099801698286
0.14988146834031074
0.02764281325042811
0.08082771884703333
0.17070753623447416
0.10878381793078662
0.0927551005734939
0.08665857877430205
0.3358892770323449
0.0417796203866338
0.18448255153121135
0.14941703716538018
0.14057598721097508
0.22170935326585067
0.08061371427378317
0.19552974274342255
0.14324800305656848
0.30621479628840353
0.18283727068833588
0.1412722938013699
0.18031480412220113
0.1255078531167912
0.22954324951253957
0.03380002704584856
0.05197813414537983
0.07874181804269431
0.1764166141689768
0.15085913418070102
0.19200713081604448
0.1910076163893416
0.09906344590961036
0.1329499454863603
0.08683027656335623
0.23239837705839128
0.13831394808719344
0.038055550092415735
0.3059458522027033
0.10682970617286419
0.1932448453751074
0.1863503920727142
0.09952962724738229
0.19732134989967115
0.0870535645440561
0.1622482880388469
0.12393228197958095
0.04310054131588098
0.008900347895613225
0.15000941009264285
0.13944083625970588
0.18816786929161577
0.043164899532291856
0.11876562279493436
0.090217366144077
0.017614806879029277
0.12089576282071407
0.1384548410770432
0.11344546479352952
0.15073237224485453
0.07631170987929548
0.05396703200108027
0.04647888742282241
0.19463064065263036
0.2013173632839702
0.27765279909425716
0.09635167379278575
0.0698477839783131
0.14296596367956543
0.20567727681153603
0.14414319901138917
-0.018140103790867446
0.10879148259152127
0.16945569252052445
0.12379603294493174
0.011617820325769856
0.036566435294533295
0.17172232228802892
0.15226592427877872
0.11352108881595313
0.04057385036964606
0.1933916164906404
0.419443763017606
0.2253722004461725
0.2106179887593434
0.055884904927555434
0.23973167686484942
0.015530522358408017
0.07037333239085947
0.27960331099911534
0.06745509292174123
0.09558818592811102
0.09703874451996924
0.13242529022882854
0.027746363911777205
0.14997750497119927
0.18880295327921787
0.08972523955294354
0.06171033936227438
0.060878374006014924
0.2972607802082798
0.1496339767332453
0.1980057216542515
0.07983919854910465
0.24816946048106286
0.11735624606297007
0.149255073171347
0.12986776664435695
0.05506747600606787
0.05043124027411472
-0.03130263309490172
0.32042930963579047
0.14269112803680534
0.219998052147809
0.0518903206121088
0.3055446165657672
0.16258940851931114
0.17245580171048042
0.02607237298394266
0.01883696790728917
0.1678739489353258
-0.052672005833100555
0.03265962144065715
0.004364963182359738
0.010920734406270227
0.03860963779314103
0.0674678968942874
0.24080909465904005
0.06197235767348486
0.2048529874391397
0.1761647858878994
0.013883372805545302
0.1718415983115839
0.14294348542497798
0.052924531481634174
0.05943549785091745
0.12972122853869777
0.31565606138454233
0.06071849341647023
0.3811341077734531
0.2047917340702658
0.18317873625185194
0.149957905050852
0.05403054060107082
0.1845819717837927
0.18276374513207627
0.049515920167564675
0.17557049367428934
0.04598732252547
0.0013507050496051054
0.040844278764258946
0.004768628922437845
0.06839133494292043
0.0905546853164278
0.12693989965512076
0.12401176783551254
0.3294748376677518
0.1580914415026961
0.11171606479402896
0.10857385063735375
0.09465509713572651
0.044756317874687424
0.10231516053405554
0.0423712902032774
-0.04281030310836664
0.1793133254870325
0.18931161085545511
0.009506647616375208
0.23264499063714522
-0.02031170390882453
0.1354268167656157
0.10495111028145981
0.07706930237370851
0.12585401548963454
0.1758728593258873
0.14176373314200202
0.1382297350572531
0.06774705487352162
0.09461016933192573
0.13506316858947803
0.306967317281324
0.04057445435058854
0.22588095645050027
0.09397157741389311
0.2039223406781162
-0.020431885749661982
0.09046919628219718
-0.00182558510596309
0.19360124820273106
0.03512127907049306
0.026059183143590015
0.20589701460025767
0.3907656630377493
0.1287519646730128
0.010268270404828528
0.02902114327384997
0.05574229728729385
0.24863938784548745
0.13860826690514438
0.20049524811219716
0.07363031830131939
0.06371751905727391
0.16016295296409105
0.08165983788257997
0.0996256070523091
0.08897701629289234
0.0756041600143737
0.2791640918802667
0.026084070017804217
0.12331994849267841
0.03318874354510909
0.1689577592132474
0.11111734923544603
0.1603541868178101
0.1831992384266523
0.16647461591874968
0.419443763017606
0.05822819469812429
0.03815215760757745
0.061250822893883894
0.08939928995937235
0.11373831995229838
0.3102279046574076
0.05847389529171937
0.18175353254451992
0.1563236354131633
0.20129878691185643
-0.013030242852283547
0.22113407004170893
0.22227577216757005
0.08646364362073189
0.11870061546105604
0.04977024127028401
0.3986857623597906
0.28186427650128076
0.10936066478109158
0.07135266653534644
0.05586442221771565
0.18328051549299545
-0.034619720148972244
0.0611582813051747
0.10466965004625689
0.16550504509688763
0.028211187582944663
0.14738000404962848
0.051307511360701386
0.15216049509627289
0.08736271786873245
0.17331428905950286
0.11048773294304437
0.10152373430254896
0.16325605472307625
0.1130741665209315
0.06873500905093521
0.06573430725531759
0.10880658924623582
0.28936950222886143
0.15466124012205923
0.12447322338074057
-0.037631009269737836
0.1899620477195753
0.04388787304422026
-0.02303260285699038
0.31343096916262797
0.2305765767762089
0.033013083428798884
0.09326246456686932
0.18461644988358644
0.08260574689591788
0.07880921996398144
0.08031047541971947
0.045678466788582395
0.18331557363652878
0.21294540864466516
0.10338512535963201
0.1346417448496967
0.37615463687731393
0.23384921492763777
0.419443763017606
0.22366529974470756
0.10349216340994127
0.18634441586561856
0.09501625625724608
-0.01156097007351048
0.15733578977140183
0.12782580519693426
0.32310129832290824
0.015508024544221066
0.057891937878426114
0.29257935210537556
0.030235032445983245
0.21270582632585733
0.11578041865748273
0.15492539006825795
0.1740968199627997
0.099566244422849
0.11079055741911337
0.05201527598564354
0.13398830489868857
0.044043584509512346
0.18882159311177749
0.12758900327639605
0.12913441732351388
0.39196944131829614
0.015532817903501084
0.4045917183954387
0.05252503167604977
0.12323610332955687
0.04845593007184984
0.2106858775048399
0.08094810812831532
0.13541908706289035
0.060765518170522836
0.2136298731711867
0.03724962478439248
0.09974593759337841
0.030268380353004054
0.3294578694193363
0.03552454836281144
0.3103659756410707
0.03365584119697873
0.06400608652664969
0.1623474863427412
0.20716580759044428
0.1975454221772408
0.1323852826346789
0.16315546874646553
0.06681134519367093
0.17230782251813798
0.12110662433213654
0.017727649310382343
-0.011535035367215063
0.006337461859347304
0.07168812614704206
0.0035701994501420864
0.17524077433129986
0.0029372529733530106
0.09091181493322337
0.20786675187892306
-0.024201302755771703
0.1279515290648598
0.034599847402031036
0.0330285551494956
0.17377572344086223
0.10888010456909497
0.13639966663987035
0.13588493513622008
0.2699257782104511
0.17449315297751877
0.0007313106999988772
0.2549691857551023
0.30603122191297816
0.2452964815955368
0.1266647110689122
0.18770958341750077
0.17440235100942753
-0.010987019829640121
0.2699257782104511
0.19831254871256143
0.04018642572964298
0.02202443228443912
0.09750724842038377
0.11580037207008553
0.09421757131359282
0.15321123978303425
0.14312748796174835
0.043164462026967165
-0.05231168272431086
0.06101309985031733
0.1595001674780232
0.4148266958005697
0.20339965688045114
0.12082638053283118
-0.015213588298132186
0.1877752896283243
0.3053078825262707
0.07389812841549381
0.08271963375756458
0.14388182366003455
0.11220385489819423
0.09264169802378663
0.03156253827933497
0.24325360150784442
0.0033023253563466692
0.044476478816810106
0.03843231841236838
0.14088513076947523
0.0388827164812105
0.193850140574102
0.10196377087295144
0.09285349124675918
0.07909679151692345
0.19712241754310655
0.23264499063714522
0.10052650827464826
0.17185653548826368
0.061656417744425984
0.25486298614965414
0.060680498414125594
0.2024530161463865
0.03372366351040368
0.1964740834802755
0.1053997182951365
0.06151872835960176
0.10813805231304963
0.19096135266970898
0.2142186573730372
0.09841279482443244
0.07808839705164972
0.17601048955566917
0.06733379678944262
0.05218348493789837
0.14622738700390076
0.14810311195072678
0.18810194041970335
0.1456635400767079
0.1330635507676755
0.09897057346087018
0.030377308642990597
-0.0015347233143235273
0.10244803473661435
0.11816334745178547
0.09792960576662585
0.16829495901953023
0.0937216859409038
0.154077605590752
0.20288595511128948
0.0785578477701473
0.17700623649130903
0.18250255075075184
0.09721570881890135
0.04029581766743234
0.2920003597503868
0.08519264256312509
0.20271395090481065
0.11920712561694125
0.025294143967649618
0.11945318152247592
0.20135811022855776
0.15155807262727072
0.22545481443456
0.23638582119391832
0.1322707085113719
-0.025254457284561105
0.258098556351146
0.13964340662025626
0.22693971599618257
0.22841089555123512
0.08259779781673082
0.14461088973352593
0.16539050808325928
0.31343096916262797
0.3092859983397743
0.12187108160747173
0.02912873116512371
0.2451351410843447
0.05818554307450241
0.0847326812993206
0.07522776625251965
0.00438352704423034
0.08785698389496033
0.02852373152512888
0.24447870305295016
0.11752987894506839
0.109771155257261
0.09416743357585744
0.232144969861601
0.19604663944040202
0.0236028703036939
0.1734941452646619
0.3140001304924659
0.09128083478208648
0.19923075370335314
0.08759907884070173
0.1491445121846942
0.07685667766203941
0.18386236431703712
0.10677781509992129
0.1950200824381665
0.036030160915823284
0.11288204222030523
0.20796480990051347
0.06251159530474659
0.0656510320974108
-0.03544963805651491
0.09015826703486368
0.13767475943920293
0.13661673213722964
0.11711490824943327
0.015723735927728688
0.022074552371900924
0.044476478816810106
0.06338622957758944
0.11371993162693156
0.10671280871664857
0.1415930609695748
0.029114521138220772
0.3939452916107607
0.06261746572548266
0.10878031195326998
0.17377664432868578
0.16218386227587916
0.0462291291219053
0.0678523498399769
0.10838872131086735
0.09312774482947578
0.1905942120270338
0.17868576465413233
0.025835180746503983
0.03936113868379498
0.07066302601391994
0.06062259067091724
0.04357402943990951
0.07503419929129473
0.1102401147206159
0.10903555897576517
0.15999686169541177
0.15997978096173493
0.09695717800848042
0.20583279567111012
0.419443763017606
0.02453089350575105
0.22282179374835964
0.05079930538927535
0.029707823890608942
0.22895796480503505
0.2180685628964153
0.033776801015441005
0.0008415351379086888
-0.046018041162939616
0.23376497938265073
0.18816786929161577
0.015624769399822325
0.09384203046432654
0.06200468496223177
0.23064359288351283
0.006883440706597521
0.04494591855315533
0.1500572094252749
0.08898449144426479
0.19168282818045052
0.12252551093128872
0.17522379000831673
0.1687630201079619
0.024562021722254135
0.09207557976448072
0.0865438716682781
-0.011299143634858344
0.07644762685777984
0.07374076088243331
0.032126982747348654
0.13288515590193112
0.19127377579486837
0.17743181449010753
0.09751770262912318
0.19804409711467214
0.006797981203392922
0.13477654043905501
0.11716117705580437
0.047120194440101404
0.1842580434661859
0.1618955012395098
0.3087168370099363
0.4045917183954387
0.2009139155691505
0.07982522089252181
0.03997855356805147
0.2512473841404946
0.20264862301244002
0.2124144890998812
0.21174884429817087
0.2527570038612091
0.3949584587166461
0.34286865808851824
0.08546196519798455
0.09135580624902279
0.029923522364265653
0.12189099390281244
0.16239485449256513
0.2211346522353636
0.0632642989898678
0.0739381373107803
0.12637835615521698
0.419443763017606
0.10180680944594189
0.3983082660894624
0.1419792471285617
0.20334204108290693
0.1367811123015884
0.08837999415128495
0.08370717598457089
0.14863962162576289
0.1558381666899868
0.13063732134610245
0.14824596987428829
0.29894233817840155
0.06172382584481939
0.08204973546931493
0.2818809653225758
0.16004349606415397
0.12801333804564707
0.14347448083908448
0.2538525488943405
0.1435768452133548
0.07121204000889803
0.12455536948466867
5.206042487432283e-05
0.14252413751531956
0.11725840167456764
0.019895093874189362
0.20061256972045527
0.15877927392506236
0.419443763017606
0.17967099314532559
0.20383585506372004
0.10593338527445328
0.021787954462630266
0.16802290148233112
0.12059902344382034
0.08418721328072964
0.17992048296525714
-0.02096610268782878
0.3939716302070991
0.056117097174142094
0.15293076144614842
0.06576625791249191
0.20423151921736876
0.10530666015041434
0.419443763017606
0.3274781696460328
0.08101320453057448
0.184517471043053
0.1165129983951198
0.09480594731821396
0.19058524763932094
0.12289888268900556
0.06100525010927643
0.07125443684987365
0.10927701297558284
0.143147633610762
0.00791626502327697
0.12708370793179602
0.0272900426375845
0.15330757964680813
0.09056438084511237
0.2834178910171167
-0.009618522487573833
0.15082422113313948
0.419443763017606
0.029753985199758803
0.028275010873337725
0.12173207130957914
0.049049088739320235
0.03616006966682883
0.1696665228308385
0.16957115134958756
0.08918637752539749
0.17418263252168842
0.0021219862375255194
0.15133581226981652
0.16726652855830088
0.12403826124615341
0.08038914842625428
0.17317960809662025
0.21169876024038153
0.14807914627441499
0.04519809399237751
0.0616269168959499
-0.049985567497050465
0.10871095508314282
0.06547398104254709
0.09481591362993952
0.32429663259461183
0.06856901658828296
0.15212422866991326
0.16087558563608856
-0.02852373152512888
0.05732903053952554
0.02376763665100118
0.1660882575976914
0.179658418689292
0.19453412102059592
0.26737700496280664
0.2840242609724252
0.10343988992952291
0.17975235475219048
0.20158260351309581
0.17087452675596004
0.3638560915832176
0.10293316181628831
0.1818482293353053
0.09844647019862468
0.1455399833594686
0.2036596003330184
0.04251614022563682
0.1263222103535474
0.1174801413575538
0.16004172375922848
0.18789697939078454
0.008195366251337322
-0.02242127719672421
0.2967335676261866
0.0077991834079058076
0.07614767131562628
0.07508723331388367
0.15708517502645908
0.2814439580622826
0.15840408455169275
0.1375358563949151
0.0847648442341995
0.023952582103980546
0.08783736001875492
0.12072353864533492
0.06810796506571332
0.3062950748822581
0.1683848617682251
0.22515462198055275
0.02195920637875909
0.05308128119672567
0.1981843114495786
0.0420461790256324
0.13270067538819397
0.08505690258627335
0.09956683781747461
0.06026832330945514
0.23403044802473394
0.11228405202733321
0.018955531518767887
0.019893782715420527
0.11100067714402306
0.11823428127897995
0.10187057322921533
0.04965578066953191
0.21589200722678997
0.08101773173011123
0.18994564298368138
0.12878088859502224
0.10296184144340342
0.10206752134570501
0.08597729943257754
0.04993707168016265
0.10825780914154887
0.07079540307887794
0.16903556660923041
0.15815482737937342
0.07791431244962821
0.06456669368448226
0.10942293780622742
0.198407337162114
0.10572438722496424
0.13197891307197823
0.14090633953348225
0.15829746657935806
0.08678638505554714
0.1771792025442937
0.11417149051511283
0.13276745978992177
0.04670386733070142
0.26409210254140625
0.1090584771820165
0.419443763017606
0.17120222319137107
0.18912803007844603
0.05226547149303956
0.20289959529852736
0.18963811940196829
0.03909175685451627
0.1910869949943943
0.295090184363743
0.17853489524591987
0.11350373899965938
0.21543590741112895
0.08170369412599343
0.03441908435680929
0.20007973402512919
0.2524641141210802
0.1269467913552445
0.08741276737558756
0.11037220459125113
0.11464447322751226
0.040482498436185954
0.18493735548899137
0.293570597279906
0.09630661867616175
0.13311566253982615
0.2847186511321304
0.11610112588432259
0.1731214085340706
0.08273277118128847
0.0028000898941830665
0.17277886005830323
0.09166445447115645
0.02187358998332173
0.21777476521006217
0.09374640368969678
0.11171592361903315
0.1667655870474487
0.09936629764329064
0.14067922406139732
0.0777737318371658
0.21683668659278177
0.06271686932518633
0.2106932456790438
0.06155350908576246
0.20546500231480147
0.08179761581138928
0.09230556698662884
0.1771703767094081
0.15856242382465252
0.3907656630377493
0.0531540434031631
0.015822328914057715
0.08497848656496626
0.061356418363613996
0.13773899628573022
0.1600868312358386
0.419443763017606
0.17094069163868858
0.13704642563129965
0.23780228083295052
0.3149863240784723
0.048677691475522256
0.009073371588301349
0.09690066850313922
0.0009029678259582785
0.16983655619737542
0.08231665875080052
0.02266298972589581
0.08046035931841433
0.16697204420877065
0.08125662244968723
0.1982453156368129
0.14141952662935348
0.08355584075964284
0.16473589834533758
0.0704380165292291
0.20778116532744834
0.05438447876869118
0.14779285198829817
0.2810593122648074
0.07204023704331175
0.08813902847726585
0.03731324806505787
0.1649302197401607
0.11941602532766532
-0.0037295564278612137
0.2685171831886583
0.01977873303269062
0.04530306953312069
0.0398312505352546
0.15999686169541177
0.02088211365667264
0.06197652495097128
0.12766281946796754
0.096931225769542
0.13682098150930727
0.07913269858684813
0.07167986064408666
0.14124617207441353
0.01613589120360298
0.19507243623293985
0.10838567024214191
0.013241012920319317
0.3457129692536352
0.08296919304824857
0.1709556718639424
0.04937113359335016
0.1941020706183224
0.03772844677401149
0.05984044523780441
0.16196104485188528
0.20564447500265715
0.07492324345119555
0.1736826910028233
0.05787746491054352
0.05261288830856553
0.10067504456749227
0.08601836871012086
0.1496339767332453
0.051298766190737866
0.09722956008139744
0.14802554756659464
0.15275335925611655
0.18224893282665122
0.1797429340814234
0.11103428554247646
0.04790123452570327
0.0715681878673971
0.10858932963153567
0.13251022831770132
-0.03104472953381371
0.16145472068281358
0.2024148766637313
0.32707941413641184
0.09234736001016619
0.30726679198026935
0.2475914854914879
0.041415840126620584
0.1336665861987873
0.0709055688048168
-0.014125712801998092
0.06202440467928899
0.18163754638118662
0.2824679072866003
0.22561627873792722
0.24924213105584891
0.08199013211641637
0.14233064622814606
0.1967496002341968
0.22316585943835926
0.1928851472557413
0.2107310884098061
0.08473350160345894
0.0873781691471493
0.23507754904964068
0.32453971399862863
0.16219749696755204
0.07682466923462
0.12733229191202683
0.15663771662638937
0.12890077459125643
0.09611551703060739
0.057018607892959594
0.1391645860878123
0.05488221133813276
0.1563340723238983
0.05414050277440202
0.12873858682791384
0.0953811884037597
0.11801742327050685
0.19274932073590367
0.1737431770429308
0.16688810911362373
0.10277102894514273
0.09264636890663464
0.30059375037357955
0.06927463617559765
0.11841992967982429
0.22651723648551692
0.2099771067460871
0.21202803782303276
0.18275821817814597
0.08277269008363641
0.06259937021427481
0.07449290421564803
0.02581082128035561
0.1209048760680429
0.04397566737063974
0.08062934345666056
0.060316960040197765
0.17836196419545308
0.16473589834533758
-0.0018653139860181356
0.11456941995411662
0.1603108422639039
-0.0016591471796013613
0.20298685808650102
0.0847648442341995
0.0874500681168382
0.2847186511321304
0.15300403728060102
0.11799434519586638
0.08363909829853505
0.07389812841549381
0.12943774177427098
0.04280935852750872
0.09962623908742035
0.254193091154107
0.22244092873458066
0.24629799717784479
0.18732875448615322
0.026948011557149376
0.06487888366976607
0.0810218167612336
0.08184742923289151
0.2490040731905107
0.10616468171220111
0.13861458985984454
0.08324062678574096
0.18752230144098003
0.11084185137114066
0.010957444041093556
0.03507448717558398
0.19061452791676015
0.02821172983842929
0.16775890703855406
0.0606413103578613
0.18702369152373316
0.09747493684701436
0.10085448332176472
0.1819962769078472
0.1326216610618945
0.1415910767073717
0.0030801264891863744
0.07299652690822017
0.1479761425781605
0.07031686699194195
0.08137667545612359
0.3234599914943397
0.09783158464234909
0.04809749413922337
0.060705804025746046
0.2896284117823275
0.28973921255863255
0.05841706183176881
0.05678901450374013
0.007770764077702885
0.1614720188668915
0.2617914758485885
0.15293076144614842
0.242500405549485
0.21954671420249128
0.1702281130074219
-0.022338711597449545
0.03612516342082189
0.202099432256502
0.08508031034802915
0.21792633793012567
0.2685171831886583
0.12321310504247113
0.07146691075370831
0.21054598405783126
0.1609456575852407
0.07243506799407928
-0.04355599893992501
0.1910076163893416
0.05625924040150054
0.059670060559275206
0.29514887289708613
0.15783758343998644
0.16429020378479842
0.302215502054833
0.1332830504203431
0.07938029556429449
-0.04948914568541851
0.05735300434691015
0.08087333082616416
0.15957274225584545
0.16241886982935771
0.031597495823859234
0.06890721241751069
0.048166781172925555
0.13171093749783858
0.006757125184262469
0.15608408301989718
0.015739907138861642
0.19037378402634447
0.03509611430643622
0.0045995520642515
0.041022233371617256
0.21157712014463653
0.13623899640443127
0.09678218590823967
0.0130012442688624
0.1585691986966088
0.15557504682834827
0.16817299712101097
-0.01841331402948082
0.14822601249055178
0.11413000709778626
0.10163805355385208
0.20995670429120572
0.04631624856000688
0.09001062215889494
0.18403861589227954
0.1612584918523408
0.09262042889349087
0.0482567092306615
0.07753109165428401
0.27277081250130647
0.07557367557434463
0.13116575964045263
0.22644916497535028
0.35766110701551757
0.09867925917315312
0.042676452373150875
0.19970377349416268
0.044713539854768114
0.17306794820390725
-0.04768033006178202
0.05871016820325786
0.09624193775043777
0.16482248399618882
0.07454140345712146
0.12486968103685564
0.21630731058629032
0.1100390527426861
0.13045734658253938
0.14366674892908954
0.0711306509666339
0.09968009260758642
0.3650887134859963
0.005321617581180049
0.36869481339741317
0.10052385632827077
0.08100146958466142
0.13085853932915414
0.06507875058820839
0.11274142847078095
0.21918842560183815
0.2840242609724252
0.018308334991857078
0.1732101831361717
0.006318583508154951
0.1437047306600791
0.19363006956527112
0.10715339433871657
0.18504598299239677
0.12225789040348811
0.3425333406806237
0.008921980833608623
0.05417639269445229
0.1588327694596175
0.1597870226200842
0.15500442734842595
0.30002458904374146
0.073604356463291
0.17379412587930265
0.1183003509670092
0.09490247441002753
0.14415251366254084
-0.015048480605919345
0.17179918601003596
0.07795564700115504
0.1186272991935754
0.04822507165474116
0.08866884499394517
0.07887259544599079
0.0010395023420547433
0.0072835972986419195
0.08601582652203654
0.08828903389127046
0.08691755400602569
0.043680000882628744
0.060149165088952794
0.004609256632175263
0.055688538777697916
0.06090368926167278