0.1782502770152593
0.031073149463308247
0.20283845898045982
0.09268301804551454
0.04584932998597868
0.3644555417270146
0.24292338918023032
0.43250599599452305
0.019911720351287743
0.30493948321026615
0.13943792581847986
0.21106260250528414
0.15226198887126935
0.2523444686809394
0.18579691789327346
-0.062151357056109025
-0.050493989607695244
0.223921642227151
-0.056486471676405026
0.1255246147109964
0.1399443979799404
0.07992404508491407
0.05179202815721967
0.06740285479164504
-0.06731978820459611
0.1781988166539309
0.14417364081151085
0.24047873636740968
-0.0843601082238376
0.42755159233591367
-0.02341422386819092
0.46825035832023837
0.26863503802698846
0.17096988151805054
0.2991921822835981
0.3540027467278728
0.09171719491232044
0.3333040474455386
0.37755679007648146
0.21957137535697419
0.05885309951461398
0.028838344777000313
0.19349796171844824
0.23809289805439937
0.002595179292876393
0.29716078351133896
0.23693596384646476
0.05885309951461398
0.24569933244854347
0.3291163645709272
0.13517040161736948
0.21821274760934362
0.0969044199475454
0.05885309951461398
0.1095490067146524
0.2837091440101217
0.11812263695925412
0.223921642227151
0.43587450215759055
0.18999022163255685
0.13749105119689492
0.1385337317098544
0.2327812696904249
0.181610056885822
0.30587486863754776
0.4403105652965141
0.17579568208276852
0.10083994647431205
0.21254665136659234
0.015992195416907273
0.23620530246451332
0.14178214792958604
0.3465984557469881
0.19146202361798625
0.3637336073830852
0.011601189292174852
0.23546833812996754
0.25169771989586665
0.14192950436074814
0.1662253133810958
0.288476985445651
0.2659770503343095
0.29110174326523414
0.11548146727979325
0.06548897589687863
0.4165037828847734
0.46825035832023837
0.2084346901139158
0.3050411628315331
0.15572704925589448
0.03709612226351611
0.23020419409979614
0.3298749804098632
0.03741197502160193
0.3389336666004084
0.06996861611950012
0.12055107443377389
-0.05885309951461398
-0.008376858576353952
0.3087933439662232
0.2517193205936896
0.09750049490496143
0.028838344777000313
0.0001967716682476639
0.028838344777000313
0.32691248298949144
0.46580887926341363
-0.06367156056435141
0.2060358766532257
0.10581889153948654
0.3041016164632157
0.4445811137362299
0.12240273391444512
0.4403105652965141
0.369685413101267
0.027231688969378387
0.0357738854799064
0.1495000281568865
0.21063630047199083
0.3401864807820181
0.03815264311279737
0.3087933439662232
0.08737452308333166
0.34381699204669397
0.28393713390568687
0.00985857693383324
0.09938313648000907
0.366114070946863
0.08756015952971602
0.3390736223862755
0.18414048294548607
0.3314138033838091
0.20773336508747792
0.30267566240532623
0.3357352043457503
0.0597257962523603
0.2028749822893895
0.3087933439662232
0.3629680486286655
0.259569396454537
0.25873748606281527
0.24256420449541788
0.11277752638828692
0.3629680486286655
0.38437967643450793
0.1944081853955945
0.09261956697618562
0.07383866743569922
0.34811632023464884
0.21889700115460242
0.18766643787410786
0.4059026351468644
0.13828311576196045
0.0748011865691155
-0.0001967716682476639
0.20018943936218248
0.1511504714879705
-0.05885309951461398
0.029817983069365894
0.22655797357639185
0.3087933439662232
0.2550374219571764
0.24998692515017024
0.1346716928505418
0.27838515246626877
0.3299281804201606
0.34484890960539727
0.12492924759884716
0.18766643787410786
0.23756849912719796
0.2677069309003721
0.22370035702777308
0.21418963607345648
0.34550415365215836
0.1535659123730982
0.03022865016734827
0.13097087430715676
0.28795258651844957
0.3051234136307588
0.323483415953816
0.21042703126481427
0.46825035832023837
0.17907175048493545
0.15734706915239377
0.0001967716682476639
0.07367101214917293
0.07674326571678641
-0.02306599296379508
0.07467969999359947
0.20305363049333197
0.10208430967406534
0.3357352043457503
0.3401864807820181
0.15535740583409524
0.058262482479412736
0.029817983069365894
0.06112155709562256
0.22156245249557288
0.08265988192635454
0.2751418600163651
0.1314462073588109
0.024077872989495208
0.07784659421544682
0.46825035832023837
0.42755159233591367
0.15141217704665166
0.07824344892750268
0.3141661114791323
0.3667406306486658
0.230332980891851
0.0716120724752144
0.14262167542753795
0.28795258651844957
0.40549658310020603
0.09607096438966883
0.07088476585214004
0.05885309951461398
0.31089870084988064
0.2312243499647833
0.2541929644354339
0.05885309951461398
0.08756015952971602
0.14668242553294752
0.09894119874983165
0.1447453625656654
0.06731978820459611
0.008050250759956024
0.21793776008239069
0.3236681186003371
0.11799466858564794
0.1384136696267202
0.06349876153593009
0.13498156527746452
0.25169771989586665
0.06711087700112967
0.17631129416462454
0.22706481561503394
0.4280699328555994
0.30460301210530316
0.06898897782713442
0.18318304857012763
0.30546388213746756
0.255416426200387
0.43250599599452305
0.4403105652965141
-0.021458873162447323
0.05885309951461398
0.20816501276858934
0.4039507764187419
0.054814636696827235
-0.010794428527103939
0.3068308832212225
0.022551791988559555
0.3671821320960471
0.3108750247461415
0.42755159233591367
0.05885309951461398
0.063489777906514
0.1373692199346606
0.21909236423733236
0.06370064134240577
0.09416791370064276
0.05885309951461398
0.01904784302708118
0.08876091269760811
0.1556273056789158
0.05330561245498916
0.34811632023464884
0.19100924997585983
0.18999022163255685
0.2221000840216667
0.07992404508491407
0.136741055196286
-0.0569327451107185
0.09171719491232044
0.3617440659221074
0.21376940362008173
0.33210642797907197
0.17381421387633578
0.05885309951461398
0.21180609468149014
0.09688387717413482
0.41894526194159815
0.05885309951461398
0.09171719491232044
0.26058037676421925
-0.039891327566970114
-0.044211201159378044
0.08717430051195224
0.15367615798519485
0.323483415953816
0.11668442235945031
0.30546388213746756
0.46073906410410775
0.21106260250528414
0.33711116164127475
0.11592809544164856
0.3060408338794802
0.16154440867435876
0.05885309951461398
0.3890172432734913
0.30939966183217266
0.3141661114791323
0.2728947491643371
0.34811632023464884
0.18684282898591997
0.13956376145226596
0.2264292443745638
0.021738651530867903
0.17617054524898673
0.32184833073375513
0.008269917021734574
0.2853328538016924
0.13917722084044604
0.21088928314741268
0.10226059798643383
0.3087933439662232
0.09296977396544498
0.10001295946182065
0.3156483637536
0.3198322458861188
0.234233813676555
0.12083934699014526
0.1384136696267202
0.37890622952932557
0.29816889416697523
0.0716120724752144
0.09587213213941559
0.3196430928446743
0.19360506077153278
0.13474530040252863
0.18766643787410786
0.1652134674324615
0.03181818221348309
0.04864981632634319
0.3759987646740696
0.3167682804773444
0.31703959743031773
0.32882735440221883
0.2071801808459643
0.15587942305631675
0.1812693661138416
0.09171719491232044
0.10966339290814597
0.3417850981911827
0.126063148870117
0.11194709958827731
0.04405514340596434
0.3706119859575782
0.30644592103509505
0.1076249683858847
0.281023587997224
-0.1051934746386558
0.338951421584758
0.11797536551784538
0.2312710312440019
0.16833682861058136
0.1184461934502482
0.1630876535522865
0.223921642227151
0.15991604590881286
0.410922818081272
0.20233818099053613
0.21982535567227673
0.020458425371070676
0.11924767695271199
0.12286720509620863
0.1785101487614047
0.29770396497491936
0.18684282898591997
0.23451146715870153
-0.0001967716682476639
0.17240351683578115
0.46825035832023837
0.29362318574991747
0.008050250759956024
0.1865731868369364
0.05885309951461398
0.11706487143551586
0.14162841288217393
0.32320702559238873
0.4444435759084979
0.2196583306759165
0.03548946645589418
0.19963994114694295
0.06788307392615633
0.36942873624667627
0.21121918572826764
0.3808063420371492
0.09894119874983165
0.3232601101741123
0.20442317072823557
0.127294037851377
0.1920228630742773
0.1798216954271758
0.2442286960654898
0.25873748606281527
0.005689809106758037
0.2980633178703353
0.06892644401221809
0.171840799001498
0.28393713390568687
0.1373692199346606
0.10071958374083229
0.3050187703493267
-0.015381136463541945
0.3087933439662232
0.17500776493623293
-0.023244551968881588
0.05870007800500715
0.1643521090477365
0.1887095759422513
0.19217340264785532
0.14881956385025086
-0.017689151413086357
0.34484890960539727
0.15818344316861233
0.2683218474736424
0.0179006413398462
0.18999022163255685
0.20598317917139375
0.044722740740127886
0.1994261944929343
0.1643521090477365
0.20951327252175184
0.10392337490256576
0.27663628905810056
0.3401864807820181
0.15910566100311957
0.2069771183243737
0.13780810608646255
0.4165037828847734
0.18558401837638633
0.30094392257399766
0.2605011939213092
0.08230653484281719
0.18684282898591997
0.08650122641401847
0.05885309951461398
0.18999022163255685
0.30301805674710136
0.08166772444518611
0.3526679340837944
0.17629960176826864
0.31550701353713007
-0.0969044199475454
0.2837091440101217
0.24975071689000455
0.46044578901824734
0.21336351638185003
0.06710291751461217
0.20645271939717225
0.3342168480395652
0.46825035832023837
0.18449957026350955
0.027231688969378387
0.21766562252499594
0.26676360060291626
-0.11741765605704485
0.09158831195583023
0.21772746622309508
0.2527330017048381
0.4403105652965141
0.2558360415093204
0.3845371414952835
0.07400741326214966
0.2638045172487063
0.3932951491765554
0.22922831148863893
0.22722599299561447
0.0748011865691155
0.42939118046478114
0.08305896405563129
0.41231334364577177
0.027231688969378387
0.14385081991842985
0.0748011865691155
0.3529454537426185
0.21982479121078985
0.24464137745815195
0.2144670200350139
0.08810788222164034
0.23122389419191552
0.22894390300696132
-0.05991705671092673
-0.06920945569725218
0.08113809420363988
0.30493948321026615
0.07328667087742652
0.20205486931861133
0.14350521352342338
0.13828311576196045
0.3488492210063825
0.15071499651576603
0.29160667076195945
0.07986984996173019
0.07617039635735695
0.30493948321026615
0.17639559187051884
0.13956376145226596
0.12486865869907005
0.19523631157265187
0.06974434973726773
0.14396720021856962
0.13119104330096937
0.2781105458399582
0.29871739047681856
0.18684282898591997
0.22507023153293504
0.14925282325100137
0.19636866721577229
0.18234937023844516
0.09818439020979841
0.17922163284646891
0.080298908251132
0.18457529672696893
0.3370301944635818
0.2781105458399582
0.08455465244313282
0.027231688969378387
0.396499946169398
0.2806273786415977
0.46580887926341363
0.3539075957959425
0.15241199880016876
0.0969044199475454
0.46825035832023837
0.022551791988559555
0.2550374219571764
0.3040105288943625
0.46825035832023837
0.22950629467185857
0.17141706354447778
0.05885309951461398
0.20054782252652598
0.46580887926341363
0.05325930670649526
0.1480608795794458
0.24613648767800955
0.34811632023464884
0.25648142526994544
0.4120677197458497
-0.009589676407828485
0.35821168061507436
0.18999022163255685
0.16407127887950462
0.2040564696075532
0.3236681186003371
0.2233044118643263
0.05885309951461398
0.08876091269760811
0.37078676377048075
0.33220269677632475
0.24844436331828612
0.16158018035017024
0.38485533493493285
0.1710567509698544
0.09268301804551454
-0.028838344777000313
0.15398298482623396
0.2505118948008479
0.06731978820459611
0.2245776349594124
0.3529454537426185
0.213194885737771
-0.06336155747390732
0.3082983111629588
0.3236681186003371
0.0001967716682476639
0.1259469033026963
0.3401864807820181
0.23125944364719342
0.0427384782912838
0.26318791749103093
0.3148006695559996
0.13686358911945012
0.33441482500014214
0.42387040685617383
0.14900188086056831
0.28716477978065497
0.1789301020394281
0.15828991112440588
-0.1256114799626475
0.23939666762093242
0.2082072403553144
0.34484890960539727
0.16154440867435876
0.39235585663709893
0.16411446930304863
-0.03730503346698266
0.15668118414864102
0.22356064195690833
0.18262770035365583
0.22162415259111662
0.14003908769086393
0.21198771352523388
0.17857020034452598
0.3141661114791323
0.10036232133358708
0.4444435759084979
0.17489619428035197
0.05874615795999455
0.09133119494272618
0.013469919106667838
0.07756342109280295
0.3357352043457503
0.41480355658729046
0.37880893896123513
0.3268111689956487
0.038337061444586096
0.3909967741755497
0.1915494372765607
0.31089870084988064
0.16881563464346305
0.04829944809008979
0.10088216492582752
0.3267049878168035
0.3260414546178798
0.10039196459321154
0.13878765573788004
0.13428646026379543
0.04160159590491225
0.23789476314655245
0.08503957242674931
0.26541301082856944
0.0748011865691155
0.15655065814408275
0.3314637875020553
0.2529426401293272
0.17870796407244138
0.11315831940533255
0.3357352043457503
0.27384247159223185
0.43494747505134773
-0.03181818221348309
0.3842015778488884
0.46825035832023837
0.3313274358445817
0.027793697689333097
0.37078676377048075
0.18545609352337405
0.4197470230339225
0.0748011865691155
-0.05884514002809638
0.2347521764886613
0.17754662178410852
0.30480568101570193
0.17857020034452598
0.24824587977284074
0.10863110510001617
0.17500703686611013
0.2743481024074422
0.29967963870657655
0.10059272411518538
0.15642223711643582
0.46825035832023837
0.10095611956954326
0.2069771183243737
0.07244074491591751
0.002783065768235282
0.3671737603837792
0.1708087834231347
0.19722691311235463
0.22762628203677426
0.1268653280757115
0.1887633157894288
0.30493948321026615
0.28464711641178964
0.22170225102108737
0.029817983069365894
0.1705709737271865
0.3236681186003371
0.0795989797820621
0.10613787021140653
0.3401864807820181
0.4403105652965141
0.2838947892708492
0.1694401571092417
-0.04023321475406744
0.08437508643652053
0.059705770798065494
0.31206075459547483
0.22008059010989317
0.03967166130519162
0.10534369127183757
0.10175577385152279
0.23552230800122548
0.028838344777000313
0.2359157463660153
0.18156223263095078
0.3231378004996815
0.08756015952971602
0.2874278503146422
0.3529454537426185
0.2500398770453912
0.3487616720153776
0.3961597332748097
0.2881132110021527
0.1687368552044502
0.18850052898812103
0.2576834727077707
0.39782318172465936
0.1360816120047879
0.3785582550611246
0.46825035832023837
0.34505250882043437
0.2548784238717455
-0.015496210920297626
0.12241142865676902
0.25516666419802003
0.3607979327475632
0.11850711166639127
0.10155382718734862
0.1115669149599704
-0.022551791988559555
0.12592977312251424
0.379507619289196
0.2069771183243737
0.19906008048306922
0.1390393625250645
0.09386113820302172
0.0431797760238799
0.019378209877670027
0.20018943936218248
-0.019581420007058037
0.2689632047101528
0.08835606517282618
0.20533807627231365
0.18766643787410786
0.2920912458623634
0.2251624272724274
0.07624511842046816
0.36146612983355564
0.2837091440101217
0.42755159233591367
0.08756015952971602
0.03460520825286806
0.23371897081833648
0.1662253133810958
0.13956376145226596
0.14979480686276725
0.08166772444518611
0.06393074433593476
0.05885309951461398
0.08923292221509826
0.16282396438590824
-0.05885309951461398
-0.03181818221348309
0.46825035832023837
0.32320702559238873
0.3275676214044533
0.15655065814408275
0.14322906980170447
0.25011040954316704
0.23697425697050867
0.21059814878614352
0.17050024616119935
0.17062821453480553
0.20577417762926237
0.40185473257327226
0.32874611599660025
0.23861730630913092
0.3087933439662232
0.22660299542595969
0.08756015952971602
0.0005548261271230426
0.2332738541458691
0.2702094430635284
0.4403105652965141
0.043814492444985476
0.130734338478446
0.19881381927785097
0.2510908913366191
0.33117993029411413
0.18198816828470515
0.41804955427245105
0.4444435759084979
0.43250599599452305
0.23644014664040458
0.06497263434546474
-0.0001967716682476639
0.35231008431347605
0.14162841288217393
0.27293178490436415
0.46044578901824734
-0.04192043298089532
0.050493989607695244
0.2442510132902595
0.06543028084371849
0.09446718256859232
0.25208095129976804
-0.14005301081197757
0.46825035832023837
-0.09268301804551454
0.46825035832023837
0.17691427003516985
0.14782980262536732
0.01658187077884188
0.12164560044631878
0.23125944364719342
0.19311106015129786
0.18850052898812103
0.22950629467185857
0.30546388213746756
0.30438994148355936
0.09318116534183274
0.0748011865691155
0.11812263695925412
-0.07062898154224106
0.1533302705217267
0.1089019637451013
0.18999022163255685
0.09603473140699242
0.07962538091823629
0.19933190213211388
0.2841604396853905
0.18585859439380797
0.05885309951461398
0.018117636894621092
0.021622615882547436
0.11285250700204702
0.18619595165481656
0.16429266533509607
0.14661729319778632
-0.020467776671134308
-0.04573038396258866
0.19160356333180878
0.30546388213746756
0.06384785777080831
0.029619343626574257
0.2938194147706891
0.028838344777000313
0.276290155953319
0.0748011865691155
0.09603770325916355
0.0602061400252894
0.30799689958194437
0.27759411822564
-0.027231688969378387
0.26283680708378854
0.3202160053245645
0.02868517804300913
0.15678196617750378
0.3202160053245645
-0.05885309951461398
0.1373692199346606
0.11396141088949113
0.07490300577330311
0.07606247932105348
0.2734976896677826
0.17829774921474795
0.16939889549198545
0.3853675059404636
0.14808491730631201
0.1070146260228707
0.15655065814408275
0.05885309951461398
0.03862479285307646
0.24099434260789415
0.0970296652725609
0.13993509583395608
0.028838344777000313
0.23569550678611706
0.3087933439662232
0.21828151666425055
0.24949189234690583
0.21326075633385955
0.06945941854806892
0.31089870084988064
0.18090394134862853
0.09956056024126286
0.17073795590213126
-0.028838344777000313
0.17500703686611013
0.29641222807732487
0.139444765097628
0.09158922653871437
0.3537280469290951
0.14591515854156983
0.04046530934524378
0.15941190289689217
0.44275204435333887
0.2391882173351645
0.3597006379994138
0.37081296632781774
0.25169771989586665
0.24352019893061555
0.2048921236747298
0.1418907197829592
0.21317559939073388
0.153437943999492
0.42755159233591367
0.0748011865691155
0.3387224861259266
-0.04509132965190332
0.3218823340991553
0.30546388213746756
0.18605484631725033
0.26875539341449284
0.2573612057156254
0.0969044199475454
0.33671496253425875
-0.008269917021734574
0.2853087441654591
0.12001196776887896
0.21076408277327896
0.32706212112660393
0.11812263695925412
0.26954109991059166
0.35057900415849613
0.3879529554833895
0.13589145872286534
-0.01130575412738416
0.15149448844181435
0.2743481024074422
0.2814885317084414
-0.05885309951461398
0.3296311322392768
0.23753785539643296
0.369685413101267
0.23809289805439937
0.30589388980876697
-0.01783661743114756
0.38433354228024647
0.24409315706708423
0.10338502814486222
0.201181215952011
0.16570091445389445
0.07992404508491407
0.3693596130847126
0.1694401571092417
0.12013883164620298
0.1536647263925266
0.2738237034802407
0.3200381196665028
0.2870776501731891
0.46580887926341363
0.23480741883005318
0.07992404508491407
0.3137721868010662
0.43250599599452305
0.3366557782194055
0.3200441559342659
0.17631129416462454
0.05099962042290551
0.12127797756070108
0.19564692505600367
0.29967963870657655
0.1471154206202604
0.3162345077469542
0.30546388213746756
0.18918532097563245
0.15328663118784297
0.334731198131307
0.11771882747010298
0.01025195011965141
0.06907287747278057
0.14263701247990052
-0.08289187831968142
0.43194527670521354
0.3845371414952835
0.09315766546077947
0.46825035832023837
0.0716120724752144
0.2601325531851191
0.06060141518229495
0.4413137031069783
0.17311879347249293
0.2066265393663606
0.22925184261020737
0.07207876040396177
0.2563083192276303
0.3474409198769991
0.12885472011179672
0.17111159271702098
0.23480741883005318
0.32162771084969827
0.43250599599452305
0.2198280886923013
-0.06892644401221809
0.14668242553294752
0.20390029409502936
0.23307355695779963
0.335268082886746
0.46044578901824734
0.34982775244024017
0.12200182103448876
0.24306760611635397
0.2243489153654289
0.3141661114791323
0.22031062334691082
0.27909087595066273
0.22702929745925288
0.25137732357086534
0.27484313521070663
0.1351095336510707
0.22354525365278438
0.16279889837670236
0.0830015194549985
0.3236681186003371
0.14706615681845653
0.2550374219571764
0.11565172915182276
0.09894119874983165
0.3653640121393258
0.3476208686844047
0.13474530040252863
0.369685413101267
0.28113271444052856
0.11285250700204702
0.4072867655867777
0.20874447337608476
0.250783905050153
0.3401864807820181
0.3440524652211184
0.1247565400460478
0.31009829385047416
0.1511184886718711
0.2019785978033008
0.1095490067146524
0.25214901557113545
0.06585737740180192
0.21577191146506008
0.3618666979594516
0.40381719331827287
0.22603653170081822
0.15844251089949746
0.2672686996040872
0.46825035832023837
0.18725765705782899
-0.0001967716682476639
-0.09902378721862665
0.2781105458399582
0.3626760798246798
0.3853931561638355
0.46825035832023837
0.24975071689000455
0.19010054197457205
0.18538394697854316
0.24927100961119497
0.32446372951858654
0.23457260736393742
0.14957933211134034
0.20799982473753587
0.30546388213746756
0.2743481024074422
0.1785101487614047
0.3087933439662232
0.11797536551784538
0.13956376145226596
0.3357352043457503
0.3137721868010662
0.3141661114791323
0.209602257938016
0.11208272712169343
0.08756015952971602
0.30946657145291423
0.15161145879400212
0.37078676377048075
0.09894119874983165
0.08797991384803416
0.13568019729576608
0.0748011865691155
0.09711908118443807
0.07954023948345534
0.224558394449969
0.21063630047199083
0.2880441275515673
0.3087933439662232
-2.753260117338563e-05
0.1603445992106558
0.2538597778806404
0.3360048146204715
0.1641730067690138
0.3484815758561098
0.2893099014185958
0.21667743606566403
0.18999022163255685
0.3036625281819946
0.08876091269760811
0.2838947892708492
0.256810635133555
0.1854832363475234
0.2743481024074422
0.14900188086056831
0.46825035832023837
0.3782378012149493
0.2743481024074422
0.16811843748644267
0.23809289805439937
0.2098183191541812
0.1046872527259588
0.19100924997585983
0.21079387088534174
0.30596077224994295
0.1057993951311701
0.17301128207235278
0.19901250956876265
0.21091950157775352
0.1894223438103635
0.46825035832023837
-0.001595318680757074
0.3320006722574943
0.16941291629480448
0.039990661929978855
0.16900208655557958
0.18617910366121432
0.13956376145226596
-0.0748011865691155
0.2190863237520962
0.2874278503146422
0.03507286651723268
-0.029817983069365894
0.028838344777000313
0.30493948321026615
0.34891155626005277
0.20029363380131993
0.18226344877292594
0.028838344777000313
0.0018034274758695346
0.18101786399296155
0.07208671989047938
0.36641800247201534
0.273013872815735
0.09702803242486918
-0.05885309951461398
0.4580043099614226
-0.031876922743324154
-0.03181818221348309
0.3021229333044764
0.2930779425955198
0.2155660577528914
0.028838344777000313
0.4197470230339225
0.20059211313436226
0.3173205990991645
0.1611239563822775
0.36166309874441455
0.05885309951461398
0.0716120724752144
0.31206075459547483
0.34484890960539727
0.28984398652940585
0.30267063570344577
0.04310888767526794
0.17047849170626062
-0.05885309951461398
0.230332980891851
0.2066265393663606
0.05885309951461398
0.2510283416320977
0.3108514706563412
0.2628091779407495
0.21529859708608273
0.410922818081272
0.1390393625250645
0.30281916624209027
0.07315896631355984
0.29348858350094675
0.2918064472744064
0.09936834668247618
0.028838344777000313
0.3141661114791323
0.11239750420561728
0.17127054432036404
0.30799689958194437
0.3154473926744663
0.1994744143393649
0.25604890453063195
0.17603251875256787
0.25516666419802003
0.03709612226351611
0.20206436710662834
0.023244551968881588
0.19966487686957024
0.06056476759053708
0.2752249562217486
0.07992404508491407
0.35254542394569527
0.27169498614907217
0.36343057980873117
0.18285407786161745
0.06798651711472226
0.28244143602774424
0.11797536551784538
0.31134530763840756
0.2985385207631699
0.31265854091214207
0.25067059362835237
0.04289705297359486
0.25834717722126543
0.13946676338022657
0.20498299994543367
0.11144870772395526
0.2743481024074422
0.21034519299344961
0.17839749279172662
0.1980892378092982
0.03850976899738556
0.07992404508491407
0.0313630581495552
0.41598140233778147
0.11285250700204702
0.17734198263809575
0.17492527108361183
0.02991439306537952
0.130734338478446
0.028838344777000313
0.08902718195570708
0.20283712246273478
0.11025946786556184
0.08981139865743121
0.15655065814408275
0.15943039221363497
0.24345111995395363
0.07244074491591751
-0.029711041514746628
-0.0478674848577319
0.05885309951461398
0.0863515071213124
0.23266292849450992
0.34484890960539727
0.20653419952572744
0.18766643787410786
0.28052668205472187
0.04984105250986903
0.34484890960539727
0.15991604590881286
0.020874173902052207
0.18684282898591997
0.18492002255559076
0.35045738947394595
0.2069771183243737
0.17321862602166377
0.2981774027053424
0.28720454453493854
0.07671269294417704
0.34484890960539727
0.2837091440101217
0.19953690849596412
0.11792117039466171
0.15797898294153068
0.0748011865691155
0.20578477067642958
0.11688888258653196
0.3276892138851588
0.19528464590656475
0.0679501681898193
0.06170853089373324
0.2581553753719152
0.21000273406655734
0.08756015952971602
0.21793776008239069
0.22199318123564038
0.07671269294417704
0.06430329338097313
0.35961986926851736
0.12245301094051497
0.2005017833732593
-0.0716041129886969
0.2557044088781571
0.46825035832023837
0.2879674378480735
0.46825035832023837
0.1547392006845592
0.1100964114557581
0.23967449238163546
0.021532854715225702
0.2671229447666695
0.2155660577528914
0.3401864807820181
0.3401864807820181
0.1499256656820966
0.3158969251946222
0.05885309951461398
-0.008269917021734574
0.1855555937960608
0.10412990962593138
0.20001397428212803
0.1273841412812478
0.34641921675304616
0.05885309951461398
0.42387040685617383
0.3314637875020553
0.2391882173351645
0.12244697467275156
0.22474737337756173
0.307635394539745
0.05885309951461398
0.3360048146204715
0.2840012419349015
0.10834476097365692
0.4403105652965141
0.07088476585214004
0.056140960442544574
0.31648985830652127
0.04081933437068197
0.06097246678569507
0.28663176264480456
0.223921642227151
0.07616280928244507
0.2017923436223023
0.34484890960539727
0.29809153837402447
0.07992085863532522
0.12038232324284381
0.24372735548068114
0.10062561384392432
0.2394160103162588
0.18549362104232198
0.023522236785285033
0.17904875520854263
0.3401864807820181
0.3236450723602399
0.285299248511058
0.02031743336325159
0.2926148387906492
0.11285250700204702
0.1789197600377811
0.30461942461572505
0.1256114799626475
0.33202882365641745
0.15573436658959322
0.17839749279172662
0.39424001432469896
0.26544429531999064
0.1473564252131212
0.327452070522923
0.3141661114791323
0.09261897656268891
0.303944181386097
0.05885309951461398
0.10145169547773736
0.2781105458399582
0.364801681635774
0.0830015194549985
0.2738237034802407
0.2204971400632344
0.13956376145226596
0.2060978709119169
0.46825035832023837
0.1670280145363197
0.1554148504347282
-0.03828467175934824
0.18533026484869775
0.46825035832023837
0.2685956065965322
0.045798258349865284
0.30527503486004026
0.023679948125185646
0.3112747604135812
0.18464767322115505
0.2152271842701114
0.2780868697362191
0.4530499063028134
0.10794235090703036
0.11457334145417963
0.24372735548068114
0.1951924513914438
0.4580043099614226
0.13097087430715676
0.288476985445651
0.15049537512392014
0.2781105458399582
0.05304420931801762
0.320254631623638
0.3675193531412291
0.16715376012474337
0.23149755406589317
0.011162985174164974
0.3006779873556147
0.3202160053245645
0.34484890960539727
0.4120677197458497
0.17363478514140118
0.13611645280472134
0.16699822642425666
0.33442887475464184
0.35840564788158236
0.1384136696267202
0.40672073692894894
0.22870632018905784
0.13956376145226596
0.1322563344212998
0.1037996473038536
0.3084005315151864
0.16539458795964712
0.08305896405563129
0.188612099644002
0.19588606774289485
0.26256343547451244
0.3275287602264169
0.22002499438614564
0.1661310081124009
-0.07033901736238768
0.15920722279117872
0.20440565492639773
0.29967963870657655
0.09910229684474758
0.23967449238163546
0.28503595494947176
0.0716120724752144
0.05885309951461398
0.30493948321026615
0.18999022163255685
0.18449957026350955
0.0969044199475454
0.16857308361721918
0.0716120724752144
0.4063163439829169
0.09127560273877583
0.03181818221348309
0.12583228889800163
0.11635001378208731
0.12354728336461113
0.30493948321026615
0.1351095336510707
0.22075855759373553
0.09541060751380037
0.18999022163255685
0.14900188086056831
0.3404145244442734
0.34484890960539727
0.05885309951461398
0.10810944145346874
0.03181818221348309
0.27253272189193606
0.37574494570344513
0.44275204435333887
0.19002343775516045
0.028838344777000313
0.023702547591167522
0.24825571039504302
0.2799853316373286
0.05885309951461398
0.17499834212378645
0.23214683813562942
0.1953843894835433
0.2920370266599055
0.23664936048728885
0.07164859135814233
0.22654082007499537
0.1694596596017512
0.35037240099867745
0.4408092738618987
0.21120059525621981
-0.03828467175934824
0.4165037828847734
0.11163221669112672
0.1873144353002167
0.13853444110079954
0.21850047068659295
0.33427136998631657
0.05885309951461398
0.14129003413875002
0.18705141738358239
0.21368120862594092
0.3357352043457503
0.37078676377048075
0.09916361398803514
0.087189980607004
0.19637661969003345
0.14732537610989332
0.17101766461883944
0.15836881108732148
0.06710432644682451
0.09783040286146011
0.30493948321026615
0.2632708677614484
0.2680650910163155
0.12129621907014365
0.1887988339452099
0.36058850978118473
0.3498725882964098
0.1742455298722808
0.3437828291805346
0.18166587567553139
0.42755159233591367
0.10863110510001617
0.2411282034436577
0.05885309951461398
0.3403158501392772
0.028655094606960807
0.028838344777000313
0.12789672730229623
0.43250599599452305
0.07367101214917293
0.1638022388540284
0.18697401111854745
0.3955240846726623
0.3141661114791323
0.20549572274841565
0.08803480694498089
0.3105162889032
0.3390736223862755
0.31703959743031773
0.06915647102178846
0.009589676407828485
0.06009578436708485
0.08449220914351774
0.30546388213746756
0.43250599599452305
0.2187240708797446
0.18610605567785954
0.3617440659221074
0.11191344590766306
0.29712076806845084
-0.031219267280005514
0.23971168320534098
0.39746391648184576
0.2550374219571764
0.19324724180527125
0.3199926995448607
0.046283191724935724
0.3050187703493267
0.1785101487614047
0.21262743137909706
0.42755159233591367
0.07656811013626369
0.15302346942836448
0.09531824282641144
-0.013422671457754554
0.13692318283441118
0.35630029099792515
0.21420331096437972
0.03740401553508432
0.11415108516376715
0.14929854813851062
0.013785298598586737
0.04880078183599662
0.3879529554833895
0.369685413101267
0.3370301944635818
0.05885309951461398
0.18684282898591997
0.25262859626738016
0.15230343134506408
0.18323746466686108
0.1360380903843637
0.14476599121115302
0.31874830765393375
0.1684849996646856
0.43587450215759055
0.26318791749103093
0.0904002388021527
0.2895332071982996
0.2558360415093204
0.07206435634155078
0.16939889549198545
0.11239750420561728
0.028838344777000313
0.2013410407421522
0.46580887926341363
0.46825035832023837
0.25608056002531987
0.3106336039097065
0.20787124826093817
0.2671229447666695
0.029817983069365894
0.07991608559839647
0.1108986331217428
0.15328663118784297
0.2837091440101217
0.06468082775336936
0.3087933439662232
0.32608271994117827
0.1371124975983124
0.28337039034364786
0.26947318518576036
0.2895332071982996
0.17060623538909192
0.14174290321445432
0.05885309951461398
0.1126961527466489
0.30493948321026615
0.14987147055891303
0.3141661114791323
0.1655600195212012
0.23877978669089067
0.33362984746209307
0.34811632023464884
0.06731978820459611
0.13517040161736948
0.3628245447919017
0.2391882173351645
0.04829944809008979
0.23809289805439937
0.43493878030902383
0.3197572689357729
0.14335102979490427
0.20188898980566244
-0.08113520996192686
0.10490830145676971
0.279266076874397
0.25482665963525397
0.2771307959225953
0.09188179888736431
0.13097087430715676
0.14673655158819576
0.029817983069365894
0.2623401296948089
0.3016997950273167
0.46825035832023837
0.2599941899890134
0.21985741516238616
-0.01587009515898158
0.34440043968931916
0.36641800247201534
-0.008376858576353952
0.23941316347333563
0.20317371517209748
0.09894119874983165
0.19314704388043802
0.12631414997955182
0.18198816828470515
0.06486295991822971
0.19528558182559164
0.1476771648360396
0.16543354751280748
0.09268301804551454
0.04305828944836376
0.2783489325545743
0.2715056578753087
0.05885309951461398
0.3417850981911827
0.3087933439662232
0.4403105652965141
0.1900947010231568
0.07606247932105348
-0.05885309951461398
-0.04922515840199515
0.3401864807820181
0.23416397379421644
0.13730366294269702
0.3617440659221074
0.19923967777661084
0.12814374016423474
0.3540027467278728
0.28719633975534514
0.2853718729616889
0.46580887926341363
0.31089870084988064
0.08554910745549277
0.17643198705775004
0.38760095290949803
0.13485187038258029
0.08987961485733692
0.40218169507948076
0.3202160053245645
0.25946385601317073
0.28930833990607135
0.34298638479625576
0.13327129335319893
0.06719434678218295
0.349094005816355
0.21982535567227673
0.14305746477198172
0.38520683697101604
0.2830503317491067
0.02138021692589781
0.34536538607367473
0.30546388213746756
0.3137721868010662
0.03967166130519162
0.2781105458399582
0.1741329324377195
0.31444071810544266
0.17344708267581332
0.08467686381912504
-0.002783065768235282
-0.10407246502529849
0.17635148576416193
0.07127307883309109
0.10966339290814597
0.2738237034802407
0.14303283285940865
0.34266820915685176
0.3173205990991645
0.13229672555533473
0.35618869389176766
0.46825035832023837
0.46825035832023837
0.27009322957481546
0.3552042257716673
0.25730707134625125
0.1167743215617959
0.3920843791667645
0.36641800247201534
0.3381333640583381
0.2732439963079724
0.18705141738358239
0.14350813546393276
0.16298633113932487
0.08991545591721473
0.11200196162040316
0.34659843909137006
0.2860146466946725
0.17016609881781664
0.14819045757649008
0.2654145072079276
0.2421999221911486
0.14923841668927929
0.3087933439662232
0.21822781291172844
0.1325315786978944
0.0753878057491511
0.09171719491232044
0.06273400577296662
0.2429577741693974
0.24487830823026652
0.4580043099614226
0.31110230006491774
0.05885309951461398
0.24197349688328873
0.283468200721295
0.19386756640576008
0.22705566214836315
-0.0001967716682476639
0.3615601355016148
0.08924271741844564
0.09996404995038344
0.38026653890880546
0.1444061840219254
0.13956376145226596
0.13097087430715676
0.1471028778250289
0.05885309951461398
0.05885309951461398
0.15550054939128094
0.46044578901824734
0.3401864807820181
0.05885309951461398
0.19661860142624454
0.12241142865676902
0.3359910785313497
0.369685413101267
0.2780868697362191
0.23809289805439937
0.37646305285494974
0.33441482500014214
0.2654145072079276
0.19528464590656475
0.16939889549198545
0.009589676407828485
0.3540721568274681
0.10210317140283776
0.28585836102686296
0.31089870084988064
0.33711116164127475
0.12244697467275156
0.2925983752828138
0.08756015952971602
0.12038232324284381
0.2920912458623634
0.08799461573466039
0.267163538103098
0.06009578436708485
0.11761679518078294
-0.04158332353582117
0.3087933439662232
0.08176347401307876
0.3087933439662232
0.021149781239630405
0.18779568011495146
0.11912636379473218
0.23208527031928955
0.3014214115164585
0.30607567246076817
0.20951327252175184
0.31941667671938717
0.04122498756069176
0.2001426960552355
0.17067954118229106
0.32265181139398186
0.3141661114791323
0.1389128601168771
-0.027231688969378387
0.3425026894219509
0.29832632924409386
0.26134765754754763
0.32191392666603696
0.006167901241168339
0.14344180061393846
0.1256114799626475
0.18684282898591997
0.32287055448742574
0.17675373385725685
-0.04102010124695682
0.32287055448742574
0.24182974326843648
0.39930874678524936
0.30546388213746756
0.28830822081376556
0.08153690886009701
0.157459532567288
0.19107478986129578
0.30970811338386695
0.027231688969378387
0.46825035832023837
0.16543354751280748
0.19520387800801942
0.04459834125277473
0.27146218801179073
0.4530499063028134
0.2096310250474721
0.20422099657858672
0.34440043968931916
0.013283021276112306
0.11279506240141413
0.2408875085321594
0.15655065814408275
0.1535659123730982
0.19275734775002534
0.06933708809969785
0.3141661114791323
-0.05844168919009918
0.33493843122544775
-0.027231688969378387
0.08650122641401847
0.14773304887531563
0.46044578901824734
0.2732190765099187
0.007397220283988315
0.200120670709103
0.12184081820275172
0.12179120068480437
0.29833611600388504
0.1590472954498766
0.0001967716682476639
0.38433354228024647
0.20294205983745106
0.12885472011179672
0.3629680486286655
0.09171719491232044
0.15859177748492537
0.14782980262536732
0.12073275877466477
0.3425026894219509
0.24975071689000455
0.22354525365278438
0.025845151829519464
0.08739837864771649
0.46825035832023837
0.19933190213211388
0.3123980846116102
0.25608056002531987
0.03741197502160193
0.28719633975534514
0.10784396886957648
0.1487854357137583
0.09339633011131537
0.18766643787410786
0.08756015952971602
0.22175156345657115
-0.0637995289379576
0.14789151051537064
0.313670659928888
0.0238755655884077
0.1567394944839875
0.27193266188497817
0.34159706265583034
0.11631040838808876
0.23475215419624085
0.17961627030985855
0.1693817338687933
0.22592672194602198
0.3202160053245645
0.21407192777975298
0.3214923772451033
-0.044635895703924844
0.19809943045713385
0.3538996179153596
0.1855555937960608
0.2895332071982996
0.3087933439662232
0.31703959743031773
0.12577620728515848
0.13828311576196045
0.2750691823462031
0.1395869300779798
0.34827797664107274
0.46825035832023837
0.16220158193449769
0.24702651372991397
0.2207587976981364
0.02682342395728865
0.15655065814408275
0.09145957862042214
0.26676360060291626
0.17985502477789628
0.369685413101267
0.3138780243343516
0.2069771183243737
0.24722613860116222
0.05713122171878826
0.0767650826294149
0.3357352043457503
0.2272789679280668
0.11812263695925412
0.40242689975991713
0.027555976520431014
0.18251576651439055
0.1681738233953286
-0.05885309951461398
0.25091896759202675
-0.03748436984197179
0.1826153542446588
0.2069771183243737
0.06262883278855053
0.03219592336811161
0.2347521764886613
0.23490383653798358
0.0708180111591542
0.18999022163255685
0.25214901557113545
0.1338692574491634
-0.019235139968184767
0.10861140407777925
0.35734116476839783
-0.014042291115336392
0.01720599467203393
0.10153246807181915
0.2911830223525773
0.34811632023464884
0.24732721540995994
0.25129185252745057
0.223921642227151
0.4062611574798538
-0.027231688969378387
-0.05885309951461398
0.1783158169006951
0.3357352043457503
0.3401864807820181
0.2889021391579975
0.153437943999492
0.46825035832023837
0.41480355658729046
0.19963994114694295
0.32122822831688713
0.25091896759202675
0.13169444808354658
0.34484890960539727
0.35819871920430396
0.34505250882043437
0.29362318574991747
0.2299214846951354
0.022739246830473403
0.08681843485201668
0.2841604396853905
0.20337204470219056
0.46825035832023837
0.2841604396853905
0.05885309951461398
0.2767698632321285
0.033167430451797875
0.15655065814408275
0.2555437686261025
0.16769881935826486
0.22110600136258246
-0.08876091269760811
0.34484890960539727
0.3357352043457503
0.3467409336332424
0.18188219444321674
0.33642709156093753
0.05885309951461398
0.08265988192635454
0.09065885633820014
0.15655065814408275
0.20836970074773437
0.1495000281568865
-0.05308028370768275
0.31089870084988064
0.05885309951461398
0.07075577351606854
0.3571572343479054
0.3401864807820181
0.46580887926341363
0.14817558054973423
0.34811632023464884
0.20124468890957986
0.20848433373977426
0.130734338478446
0.38908844600784726
0.27159188389468913
0.06738440928305872
0.23398264770667399
0.14823552227764575
0.1114141729955655
0.3719797483547702
0.46825035832023837
0.30536799665636394
-0.05885309951461398
0.36306480313024636
0.3982202940911313
0.18672400666184458
0.039990661929978855
0.1819839395221678
0.12661296478141582
0.36904531888896086
0.3141661114791323
0.13517040161736948
0.1976275601827311
0.15655065814408275
0.3536821503742155
0.08924271741844564
0.09171719491232044
0.07985775415241397
0.2051867420243289
0.30546388213746756
0.2456932168808747
0.05134053584496656
0.3437828291805346
0.127728496292432
0.09876836427460806
0.14923841668927929
0.1256114799626475
0.08038546924175749
0.36641800247201534
0.2319300567584014
0.238824446525504
0.08289187831968142
0.46825035832023837
0.06350264181100806
0.13434390486442832
0.21965264811947738
0.16939889549198545
0.10666170521672474
0.18684282898591997
0.12524130103993536
0.24609356992778958
0.14923841668927929
0.133923452572347
0.42038211900146094
0.2895332071982996
0.2950523706180766
0.3401864807820181
0.2654145072079276
0.2835851462489958
0.3200441559342659
0.1351389633990735
0.2327638201981877
0.23446656463629106
0.3851065871837466
0.1842710286888587
0.4535682468224989
0.03862479285307646
0.1351095336510707
0.07484306748256875
0.13476654001042793
0.270163017181522
0.0466807457340489
0.46044578901824734
0.18766643787410786
0.46825035832023837
0.16700913112573984
-0.11290663305729509
0.17002863984690253
0.34763535280333746
0.18617910366121432
0.21106260250528414
0.31089870084988064
0.16427369924908175
0.28690135742321093
0.2189442729472007
0.17990652071155983
0.23809289805439937
0.008939462784705143
0.25390629001629916
0.0652830094023098
0.3879320104944752
0.1589771840291102
0.473898562258865
0.07929782491140303
0.13993374956699078
0.11367640426149439
0.2732190765099187
0.24975071689000455
0.12410669969943222
0.2558360415093204
0.18145066197506987
0.15489053237085548
0.2781105458399582
0.21063630047199083
0.30546388213746756
0.1245681858746045
0.17195979834385489
0.24203874481056792
-0.08371452238674387
0.05885309951461398
0.3911427931595853
0.012882298235981193
0.12340091175212226
0.11799466858564794
-0.004942209732037128
0.29315494077869636
-0.07484735313784602
0.3357352043457503
0.18766643787410786
0.2906540861145115
0.2579805897294417
0.25325433577942186
0.25730707134625125
0.028838344777000313
0.08822226841513386
0.3896429001099397
0.31447689081023855
0.46825035832023837
0.17705424749039594
0.062101612989044264
0.35154538727032425
0.153437943999492
0.12397936328789833
0.13434390486442832
0.2136995639264213
0.2669257539588489
0.29695799766204867
0.3314637875020553
0.1256114799626475
0.061685499937459365
0.2771960338627663
0.28720454453493854
0.3221431535651302
0.2573612057156254
0.1384136417665187
0.40835633096915297
0.11867403418026884
0.2575572794980978
0.271779323796492
0.32882735440221883
0.25640442304093125
0.05885309951461398
0.28878752565545557
0.028838344777000313
-0.033579615984580424
0.2625352244537964
0.12802078010715362
0.09956963275573383
0.3440524652211184
-0.05885309951461398
0.06731978820459611
0.056151163566950935
0.2020644622157518
0.2781105458399582
0.46044578901824734
0.17990652071155983
0.153437943999492
0.46825035832023837
0.1718123395498739
0.1373995645756103
0.05885309951461398
0.1842548690677534
0.11412456243228908
0.20876191505045166
0.2709501710495212
0.4530499063028134
0.34484890960539727
0.05885309951461398
0.20325357640002018
0.10679225908148471
-0.14668242553294752
0.12148386777641157
0.08876091269760811
0.16411793334536712
0.008376858576353952
0.3333040474455386
0.16531187531972413
0.20797098826441224
0.17500703686611013
-0.03725354754372712
0.2627036350406638
0.18130588942277137
0.1958782413466621
-0.020716090423874123
0.09003952616046629
0.2709501710495212
0.29007452777748594
0.23294393016335668
0.3485245286531417
0.17724472641123273
0.24177011134826215
0.04081933437068197
0.14668242553294752
0.05885309951461398
-0.11285250700204702
0.20052258745626078
0.11987669242763349
0.18221716033431218
0.35395126135771277
0.43250599599452305
0.03913436297083295
0.2656272468887269
0.2874278503146422
0.2461717062675302
0.29691678861225623
0.2797829211198552
0.15156763759912
0.130734338478446
0.22448920683911316
0.17074727899840136
0.2998226703921531
0.4444435759084979
0.3087933439662232
0.23749159880658693
0.2264292443745638
0.3173205990991645
0.2265001692135688
0.35629427674865805
0.46580887926341363
0.021637896161259718
-0.0006516564943654379
0.12498484830787115
0.05885309951461398
0.24911722450474783
0.3141661114791323
0.42387040685617383
0.261062760652282
0.26648844166791535
0.36569348949124164
0.07792759616941691
0.2637352129991623
0.3357352043457503
0.3540027467278728
0.19213263906584616
0.12577620728515848
0.35984594213259075
0.26578817469923766
0.0986837911805244
0.2996949397732284
0.13517040161736948
0.0001967716682476639
0.05259975645346204
0.25325433577942186
0.3141661114791323
0.19046710020419366
0.09825462189731882
0.31089870084988064
0.0580991149904434
0.17990652071155983
0.2721797391552847
0.03548946645589418
0.09073514486031992
0.14074996495569125
0.23630987660621372
0.369685413101267
0.1613362880071576
0.33701585003605616
0.3785582550611246
0.23233609200480387
0.07842057518776774
0.34484890960539727
0.19392353928444828
0.11928491818105397
0.3023307651749579
0.14005301081197757
0.25873748606281527
0.09587213213941559
0.3401864807820181
0.13835951571127053
0.19387396879319208
0.31874830765393375
0.1095490067146524
0.25974855040307593
0.39873164546385365
0.24975071689000455
0.3087933439662232
0.2803177356197441
0.3909967741755497
0.05026389428485295
0.16461766562659608
0.1932058280674886
0.03709612226351611
0.05434535348622399
0.17328199320446058
0.46825035832023837
0.31206075459547483
0.15026218971272515
0.2920912458623634
0.03548946645589418
0.24726165675694312
0.07992404508491407
0.0716120724752144
0.08602330006060543
0.14125440048301907
0.10030819527833912
0.24975071689000455
0.11812263695925412
0.2432660523984213
0.34618981166339524
0.11177807747792795
-0.07992404508491407
0.15540519263463604
0.1623859617201277
0.11847351281416357
0.23809289805439937
0.369685413101267
0.12777909451933617
0.09581793701623181
0.22811519264890173
0.1662253133810958
0.14735467703752214
0.28362691529223816
0.1649650810038269
0.34484890960539727
-0.03819717837518266
0.2599941899890134
0.2932235887943792
0.028838344777000313
0.3401864807820181
0.21049216359997547
0.3663838626167713
0.24050574063304536
0.3314637875020553
0.2289060004524881
0.04980262082315157
0.15302346942836448
0.4120677197458497
0.03563894818396274
0.08650122641401847
0.08650122641401847
0.30301805674710136
0.0748011865691155
0.18504763562376703
-0.044635895703924844
0.16334727811080296
0.1495000281568865
0.18901466589376115
0.13558966377223336
0.2223127791102682
0.12858842612521093
0.3228869669978476
0.19437775613892733
0.189493509638666
0.02334530733848994
0.1389128601168771
0.23252470221975563
0.08544941330005196
0.2448083624571179
0.18859710740293795
0.09285245035859518
0.46825035832023837
0.19134711274707966
0.3141661114791323
0.028838344777000313
0.28337039034364786
0.09894119874983165
0.288476985445651
0.46044578901824734
0.2098573993914114
0.13498156527746452
0.22866441577037128
0.2510908913366191
0.24975071689000455
0.2456932168808747
0.46825035832023837
0.3663838626167713
0.19011847555265055
0.32191392666603696
0.2553988807306823
0.22354525365278438
0.10162058188033452
0.37078676377048075
0.35115150757582003
0.15717742339997415
0.2687533787034369
0.23809289805439937
0.3853675059404636
0.22354525365278438
0.1855555937960608
0.06009578436708485
0.28604249078934413
0.12388707280960498
0.26256343547451244
0.37364374514287135
0.2573612057156254
0.13532768199923223
0.44861384316388975
0.2510908913366191
0.3378000982151699
0.15819564896033
0.1774350511282276
0.10560648162482356
0.06024241159746002
0.43493878030902383
0.16500409397031807
0.11657397103096778
0.09315766546077947
0.05762628541239506
0.15668118414864102
0.3529454537426185
0.047579647855524765
0.05088892863966593
0.1733614241682912
0.3068308832212225
0.017183668360064408
0.0008115270217719517
0.0748011865691155
0.07992404508491407
0.1500909764520308
0.3540027467278728
0.1346039028358606
0.43250599599452305
0.13775098308791195
0.2929379117817098
0.3314637875020553
0.33441482500014214
0.17535570777913817
0.1549402030194632
0.2151794565873968
0.23644014664040458
0.07672697150449542
0.20736161988739515
0.24885037347062583
0.30493948321026615
0.29967963870657655
0.28911687295353644
0.2793776246135298
0.2841604396853905
0.08305896405563129
0.28500060316475745
0.12416075261042425
0.03548946645589418
0.25325433577942186
0.11285250700204702
0.08467686381912504
0.057521231955364405
0.28585836102686296
0.0045608158909807295
0.31432776788555605
0.3087933439662232
0.11535286092293806
0.37435501599585197
0.3869213678216309
0.30546388213746756
0.21336351638185003
0.07674326571678641
0.09600102831694485
0.2448319184652108
0.25325433577942186
0.18999022163255685
0.31163847066385675
0.36311645198751963
0.36386442894880355
0.011851448085183569
0.12858842612521093
0.46580887926341363
0.10768388986628913
0.139444765097628
0.2069771183243737
0.1364420412299966
0.1491298492341745
0.08756015952971602
-0.029817983069365894
0.16659718017283814
0.20143589214469382
0.1421812300588628
0.18766643787410786
0.3401864807820181
0.2212515057070773
0.05434535348622399
0.11285250700204702
0.027231688969378387
0.13398879414806608
0.3896429001099397
0.10368576688678627
0.13071989310971954
0.07165823904394503
0.43250599599452305
0.21111055630879533
0.1955927868525611
0.176065792618968
0.44275204435333887
0.36249641591082304
0.23809289805439937
0.11671402289534222
0.34811632023464884
0.1866648733339616
0.07798458456646357
0.2874278503146422
0.091985781208412
0.1346039028358606
-0.002649849396261228
0.0748011865691155
0.23028022857652874
-0.02395164827213686
0.3909967741755497
0.07992404508491407
0.06984033983951793
0.17946906922663436
0.2213957287370621
0.2781105458399582
0.153437943999492
0.0972521761109374
0.15565428533927156
0.002783065768235282
0.05885309951461398
0.259102118215923
0.43494747505134773
0.22029477980849288
0.0716120724752144
0.23910674701800816
0.33146150820866277
0.41463690171265377
0.3621524705257068
0.06711087700112967
0.27482342864604004
0.21120609111776906
0.16174606680447984
0.13971522247703222
0.26836422026268225
0.1596818702064436
0.23756849912719796
0.3085650702367825
0.23686879509757813
0.3768839271493392
0.4524287252684469
0.057856170790752004
0.29708682539994075
0.17652197946753473
0.12354728336461113
0.32662313346029637
0.3126482303358534
0.2057106525713353
0.06397037536621542
0.09036756850523003
0.34827797664107274
-0.05571635270607839
0.13752807510967913
0.09711112169792058
0.10171960261098956
0.18999022163255685
0.15759510783614256
0.0915912382267079
0.053983960521292174
0.24702651372991397
0.3746604692547668
0.24215343655109095
0.08912121736090683
0.13498156527746452
0.2546689076285573
0.3182416989856427
0.0007212169532906376
0.2627036350406638
0.2467884182591908
0.0969044199475454
0.02631779314207855
0.36125742635231817
0.05336006207610344
0.23809289805439937
0.12179932138873117
0.2659457360093085
0.39930874678524936
0.05434535348622399
0.31703959743031773
-0.09943903905874463
0.3887446773793885
0.20036500896191867
0.17381779700771682
0.11102650870865827
0.05780557256384772
0.3087933439662232
0.07992404508491407
0.14718196948472267
-0.08256519277431257
0.380187002053078
0.34811632023464884
0.2951645491063262
0.38607955452231185
0.11797536551784538
0.15280104656060062
0.153437943999492
-0.0019969655664343056
0.33915469178043733
0.2067753004398014
0.1976496977393815
0.11592809544164856
0.045616795113421205
0.2297497839853826
0.35294252528016395
0.2573612057156254
0.08065056947875637
0.22564433085359387
0.152988693729126
0.15714190524419308
0.07422791154181213
0.319613311729694
0.24349620672922767
0.029817983069365894
0.19542504034496988
0.13195487465256428
0.15725457313590235
0.09162604374592759
0.19089714460556628
0.12777909451933617
0.18408500697841002
0.3430372284575923
0.2671229447666695
0.31709289296093796
0.34484890960539727
0.369685413101267
0.19002343775516045
0.46825035832023837
0.34811632023464884
0.16411085332324726
0.2041486017582168
0.18610605567785954
0.12705224625470302
0.19479585300681618
0.14750427336312905
0.10574780938942491
0.2370757329798574
0.05885309951461398
0.0001967716682476639
0.36309255406203605
0.3314637875020553
0.05434535348622399
0.19279034732952616
0.17452378730744061
0.1502883559936497
0.0466807457340489
0.34484890960539727
0.04310888767526794
0.253511833206473
0.189040500331222
0.2895332071982996
0.29835925936096835
0.2743481024074422
0.26045825452463955
0.1708087834231347
0.028838344777000313
0.28014872270625824
0.21336351638185003
-0.008050250759956024
0.05434535348622399
0.05083473351648221
0.14533917238106475
0.20777860522868308
0.4403105652965141
0.43587450215759055
0.4104498393174539
0.08845440218026762
-0.02622593857309191
0.05124702729039571
0.0758215885456957
0.22199318123564038
0.11176277459328432
0.22056875035801432
0.2568803393695405
0.13956376145226596
0.30018457948266536
0.08756015952971602
0.46825035832023837
0.11812263695925412
0.20216925377829847
0.11812263695925412
0.0944959865363581
0.2416850691652307
0.17670376572521646
0.1567503552179192
0.24842664878571374
0.06703557974110774
0.06731978820459611
0.16222071421974482
0.21036064599475585
0.28911687295353644
0.14045882832847334
0.1542982578723296
0.05907276577639253
0.12075231135756842
0.045681366616084074
0.13446208292913026
0.46825035832023837
0.30546388213746756
0.3022490250166395
0.34827797664107274
0.09092886742937661
-0.03741197502160193
0.09894119874983165
0.09894119874983165
0.04576607012386752
0.23081477531311412
0.3667406306486658
0.14836498342167698
0.1249963949691496
0.3560933623206467
0.3202160053245645
0.09741483976902238
0.3087933439662232
0.3173205990991645
0.2837091440101217
0.46044578901824734
0.4262336821716578
0.15216258896309798
0.17067954118229106
0.15655065814408275
0.22832228851599273
0.10754958727125874
-0.049940799338462794
0.19636866721577229
0.4444435759084979
0.16570091445389445
0.3896429001099397
0.09171487530149786
0.15281426222283562
0.1662253133810958
-0.011776273838659146
0.15517401900689504
0.09894119874983165
0.3597006379994138
0.08315626115710378
0.08435214873732
0.20283712246273478
0.1268653280757115
0.3195333044589429
0.2123073113998618
0.4136404895867273
0.08459224003514326
0.057856170790752004
0.05885309951461398
0.38310580544896006
0.20474020401772852
0.46825035832023837
0.141602818066918
0.2838947892708492
0.23475215419624085
0.21921084396806362
0.1479577709989735
0.09409853226332571
0.31206075459547483
-0.020471783449192038
0.4165037828847734
0.2053528464252729
0.19100924997585983
0.29947098688194196
-0.14019676647393903
0.1380077823884886
0.008880180489583944
0.2406321429326923
0.05099962042290551
0.15572704925589448
0.029817983069365894
-0.03652744113795631
0.0395777456060708
0.16860212237168298
0.12141022176559557
0.17441682640139344
-0.07469822114416802
0.34811632023464884
0.20695372975377146
0.18766643787410786
0.16396341581790708
0.1860976721526596
0.06080781264649088
0.10769733680987315
0.12451152594889053
0.1442355966842464
0.07387100884028563
-0.07492770744473348
0.2246200118701448
0.27939031571852574
0.17504950855962642
0.44030187055419023
0.0969044199475454
0.1949376483414783
0.04310888767526794
0.11154321453820376
-0.043281595228067404
0.1728086632723092
0.46825035832023837
0.22595459695929898
0.3768839271493392
0.23045854227142365
0.1003566450358393
0.46825035832023837
0.25730707134625125
0.05950429596337026
0.23152406298944622
0.27458231574473163
0.045627485986760974
0.34484890960539727
0.31211552181073243
0.27484313521070663
0.36097169712137483
0.09213910133232811
0.1502498196454154
-0.008269917021734574
0.3137331298753717
0.1743040720541879
0.2639615365722699
0.25855373402371434
0.46825035832023837
0.19397602126069352
0.19100924997585983
0.2055232108677003
0.08797991384803416
-0.03730503346698266
-0.08137020107078102
0.15632733767828927
0.06919718630277744
0.0001967716682476639
0.002783065768235282
0.15474038951197183
0.3159344600797609
0.16152321660416796
0.18492002255559076
0.18251576651439055
0.3584729011681274
0.22531724513611012
0.08041624879840198
0.35154472857319785
0.1941236861795554
0.1384136696267202
-0.0016927356926299542
0.2473368929474941
0.138845100338513
0.3064461546813516
0.3103079859115722
0.1113877558798303
0.12365760608234339
0.18766643787410786
-0.0001967716682476639
0.3137721868010662
0.3461538594896481
-0.028838344777000313
0.18837176576315473
0.08482569719693456
0.19332498823965605
0.2895332071982996
0.3137331298753717
0.352905027780084
0.2157828051349721
0.18766643787410786
0.1806729958604696
0.08305896405563129
0.23569550678611706
0.06116305916757281
0.24975071689000455
0.136928366747414
0.3276892138851588
0.41894526194159815
0.0925588657760788
0.3507739356946971
0.3277128899888979
0.011851448085183569
0.3401864807820181
0.35581283457494695
0.10667070939052653
0.31110230006491774
0.2976898600543575
0.18156223263095078
0.153437943999492
0.33441482500014214
0.28724780131608546
-0.07992404508491407
0.037931174206354556
0.23709084458867835
0.0711600992256119
0.11621488807280239
0.0001967716682476639
0.10709714368714046
-0.05885309951461398
0.22245650748330337
0.03741197502160193
0.03053933743686149
0.15997546689494335
0.37894975903544775
0.133923452572347
0.2475981236996409
0.2841604396853905
0.27484313521070663
0.14668242553294752
-0.03715531417427648
0.3718773410758823
0.09045157601801701
0.24542076575109684
0.2107395617568899
0.17455771412685078
0.11592809544164856
0.12608612737791242
0.19818018567702628
0.05885309951461398
0.2251519094604063
-0.05885309951461398
0.28663176264480456
0.19967480695740808
0.06063150466833234
0.08429004789814076
0.3040984101940299
-0.11041714586385104
0.18686103727805964
0.11712760734965405
0.011957551088843832
0.05885309951461398
0.10350519799845709
0.369685413101267
0.10839888702890493
0.31206075459547483
0.1793233238050912
0.13809290816227027
0.1435132839356425
0.2069771183243737
0.23328606079364284
0.003451455971997197
0.4400075127695742
0.25092555380618226
0.08581359729746824
0.17724472641123273
0.10966339290814597
-0.029817983069365894
0.12038232324284381
0.3082983111629588
0.11465642971732337
0.34484890960539727
0.1629370562015588
-0.0443158816455102
0.13637320826633387
0.32320702559238873
0.2107935677060372
0.1751134853129689
0.3879529554833895
0.14482324706200345
0.05500076957074923
0.21024147300934565
0.26373965129884097
0.2995645438193221
0.3487226150896833
0.34940052345454276
0.3236450723602399
0.46825035832023837
0.15791278279544868
0.18456881732565156
0.2797829211198552
0.05145264704681901
-0.055656025934195275
0.13233975761475486
0.08822226841513386
0.023244551968881588
0.2283694097759063
0.3087933439662232
0.04952548474584195
0.14370173422135962
0.46825035832023837
0.05885309951461398
0.2264292443745638
0.3896429001099397
0.06518686888727304
0.29422147378736935
0.34221461934051806
0.20450274209787078
0.1807462939475581
0.10574780938942491
0.18214061482850397
-0.07005909860744669
0.4790558211284907
0.15587942305631675
0.15068536227760992
-0.05796740755500951
0.15241199880016876
0.17324708444014475
0.2743481024074422
0.29708682539994075
0.0969044199475454
-0.00421427034994043
-0.04383690675100399
-0.012945951364348618
0.223921642227151
0.1598547941197323
0.04302923989630281
0.3145363680169755
0.1312324857747642
0.14686870212265934
0.14836498342167698
0.46825035832023837
0.10810245221558284
-0.016071953837057784
0.4403105652965141
-0.03730503346698266
0.22110600136258246
0.22058160243538105
0.2391882173351645
0.28930833990607135
0.3357352043457503
0.25256312958193367
0.39930874678524936
0.10348812310583522
0.053418161881513715
0.03548946645589418
0.369685413101267
0.323483415953816
0.1905758099276575
0.1373692199346606
0.27555167520183255
0.021637896161259718
0.23049888043111827
0.11022453941102356
0.21476123167569283
0.18766643787410786
0.04042786452437963
0.30679118111144377
0.19953690849596412
0.3735837517057453
0.15604502732887227
0.18385962846564408
0.0237156147641725
0.4165037828847734
0.18998255468577296
0.16793964769295938
0.29880603652290344
0.10669404213273403
0.22160356991778235
0.3087933439662232
0.25541935348277733
0.22232970526626872
0.0804221923812321
0.161583303652709
0.2089740674041981
0.2264292443745638
0.32729594063160095
0.30777391223575734
0.17435757675814306
0.2640428193007408
0.24292021542423442
0.11278814048262054
0.3782378012149493
0.07098739167281254
0.27484313521070663
0.11535286092293806
0.46825035832023837
0.1708087834231347
0.24886478538695012
0.17847760000916685
0.14917070468336535
0.39235585663709893
0.019264331644841814
-0.006212246874846061
0.20509175141652453
0.07851662977817536
0.3556912420942414
0.22058160243538105
0.03636510656948683
0.11093577341094818
0.43250599599452305
-0.0699377787994821
0.4063018330132778
0.3401864807820181
0.07569542921966704
0.26134765754754763
0.20294205983745106
0.34859173647278197
0.14124113494695362
0.024594178375971776
0.2781105458399582
0.13055027826349325
0.2391882173351645
0.2185954216637831
0.15241199880016876
0.3622095245192932
0.05885309951461398
0.2396292682686078
0.2266376946603319
0.1115362390950908
0.4065362147658448
0.17301245278401123
0.43123144040826444
0.15655065814408275
0.11812263695925412
0.3279125196648625
0.3598970304575227
0.18161878317832691
0.20585847724048323
-0.003262118535092118
0.1893377251296821
0.10376899299390502
0.37081693586689013
0.3017209636602528
0.19100924997585983
0.11659570236890304
0.2656272468887269
0.32911475786184297
0.16534377971644237
0.14022773292252944
0.3250628577862216
0.28979338830250156
0.17990652071155983
0.1742924444229818
0.0001967716682476639
0.4161229359242667
0.09150830489251166
0.17827146235465585
-0.007397220283988315
0.40699898728529926
0.12038232324284381
0.02997985752076371
0.07121879867069814
-0.025637779547159012
0.15662276090819277
0.029817983069365894
0.33473628680095535
0.057521231955364405
-0.0001967716682476639
0.05885309951461398
0.09036756850523003
0.008225892724691375
0.3015946627314141
0.14197676983178115
0.1479577709989735
0.25873748606281527
0.0029368186171350175
0.15595538410259574
0.22917754783768035
0.15003992541610184
0.11229036396464448
0.37430912932835236
0.15226198887126935
0.08810788222164034
0.30951731862096094
0.006918474677438502
-0.11013804032341079
0.2710238586583123
0.2895332071982996
0.18492002255559076
0.017113302507333394
0.18477001404265653
0.133923452572347
0.11285250700204702
0.14582333112175494
-0.05885309951461398
0.22354525365278438
0.29967963870657655
0.27678604532179696
0.05378805948551535
0.26313661664442434
0.07443100764640348
0.07208671989047938
0.2841604396853905
0.23893874693526612
-0.023246745539954927
0.23809289805439937
0.34484890960539727
0.08128522251205944
0.3202160053245645
0.28626579656904794
0.09970399291837245
0.05885309951461398
0.34004129015869494
0.3141661114791323
0.09587213213941559
0.16979809853568145
0.11013804032341079
0.21273199563132789
0.17435757675814306
0.16792840927269403
0.4444435759084979
0.20565409984502836
0.46825035832023837
0.2272789679280668
0.30546388213746756
0.06393165190145705
0.2391882173351645
0.21982535567227673
0.08756015952971602
0.0748011865691155
0.15655065814408275
0.19861756735440844
0.004424695399463996
0.15328663118784297
0.2335975713314017
0.06748088629951204
0.1602876310172121
0.08848639993658591
0.3331583793812867
0.06731978820459611
0.24868431819231468
0.10373219499039732
0.2656272468887269
0.15241199880016876
0.18778884956592556
0.27223061533940435
0.4165037828847734
-0.03779580823484269
0.027231688969378387
0.32478867446750115
0.05533996999127255
0.14624657886588283
0.09408263628520447
0.46825035832023837
0.2916336482459848
0.18228613848663316
0.1108986331217428
0.43595684802667756
0.1401390558571583
-0.004915742555872349
0.0791420999987344
0.044457721577051246
0.24255672349823199
0.30493948321026615
0.2671229447666695
0.2974032231867215
0.028838344777000313
0.14900188086056831
0.3388896919657829
0.19661860142624454
0.11348503036333857
0.14979480686276725
0.44524533700082225
0.03139765575803599
0.3425026894219509
0.255416426200387
0.20476233759106155
0.36579916693409853
0.17504950855962642
0.2867493727501405
0.18269003812295348
0.4145091988026745
0.323483415953816
0.27484313521070663
0.30799689958194437
0.2069771183243737
0.35720223073404406
0.020978656033637244
0.1439609307741171
0.17504950855962642
0.2829348439006934
0.26676360060291626
0.24880892819479694
0.34484890960539727
0.16507139021127598
0.17990652071155983
0.17067954118229106
0.2925983752828138
0.22318600422541468
0.0716120724752144
0.3658361176981991
0.14957933211134034
0.2591751650623963
0.23833191837601825
0.161583303652709
0.3484815758561098
0.15777997718690262
0.24925832613358462
0.22706481561503394
0.07897425274470088
0.015751315386253906
0.2725463105064827
0.22472026177929488
0.34505250882043437
0.09894119874983165
0.1593177247488729
0.15655065814408275
0.04822869418988923
0.2037213027794152
0.20442317072823557
0.21982535567227673
0.23123076086577266
0.10624489579825308
0.0900075832309431
0.0969044199475454
0.3390736223862755
0.3357352043457503
0.37076534351657614
0.17437395164548525
0.14755043993185973
0.2256037000243124
0.3357352043457503
0.2550374219571764
-0.05527455320300895
0.14789010129182117
0.3087933439662232
0.2120169344206697
0.020874173902052207
0.04566512394627176
0.2529128212493364
0.2781105458399582
0.18779568011495146
0.04577469232918052
0.34811632023464884
0.46825035832023837
0.3660511524899612
0.34811632023464884
0.09737236593357429
0.3595480168657042
0.024040218727910734
0.07322081797135699
0.3401864807820181
0.09258377349957664
0.17899573338864716
0.1694401571092417
0.2838947892708492
0.029817983069365894
0.23343551577214006
0.28470186580771617
0.12009097438732136
0.12608612737791242
0.03579113392837874
0.3782378012149493
0.2895332071982996
0.310695511241524
0.1373692199346606
0.3043099105557255
0.18999022163255685
0.22257155389019823
0.2069771183243737
0.11812263695925412
0.0748011865691155
-0.0716120724752144
0.39930874678524936
0.27484313521070663
0.34940052345454276
0.06711087700112967
0.3782378012149493
0.26495409946743936
0.26197198139892625
0.03151013179556367
0.024228212071102984
0.25223879532314386
-0.1256114799626475
0.050645595397467325
0.018085969825415826
0.0001967716682476639
0.08604564383802693
0.1351095336510707
0.3622095245192932
0.0748011865691155
0.324371287735587
0.295199341605286
-0.008269917021734574
0.2938194147706891
0.29131141447114206
0.09036756850523003
0.10348812310583522
0.23809289805439937
0.39930874678524936
0.10079377990558142
0.42387040685617383
0.3693596130847126
0.3202160053245645
0.2895332071982996
0.0716120724752144
0.3357352043457503
0.309657848407551
0.046642840246177986
0.3087933439662232
0.08810788222164034
-0.021458873162447323
0.020585071369811248
0.000869865028993333
0.10607723405866715
0.14636131125631452
0.20248051773413872
0.23676987957505385
0.4403105652965141
0.25860904855078687
0.15707724321677574
0.14456403381172744
0.18999022163255685
0.05885309951461398
0.15913976909691468
0.11797536551784538
-0.11145471259126027
0.26648844166791535
0.26999202305235936
0.05885309951461398
0.3236681186003371
-0.07809825086799077
0.18219113520880004
0.134697731484613
0.12286720509620863
0.2442510132902595
0.3078007495804219
0.2853505524930119
0.22564433085359387
0.11631040838808876
0.1351095336510707
0.20951327252175184
0.3695611923406309
0.06711087700112967
0.369685413101267
0.1167743215617959
0.3671618127074927
-0.059248290182036145
0.16730573716974628
-0.026404240106825738
0.36641800247201534
0.08908752051400598
0.05658297916827848
0.38433354228024647
0.44275204435333887
0.1803091118717713
0.029817983069365894
0.06009578436708485
0.0986837911805244
0.32531203354425053
0.22484759669877274
0.27237084052777816
0.15499432907471133
0.08948887394332722
0.30317851040584337
0.16174606680447984
0.17410182361526783
0.18376979003310262
0.12016703276339291
0.3795148828825135
0.039891327566970114
0.21775953942481896
0.04081933437068197
0.24699278663715563
0.1534107031850548
0.26386761967244715
0.29921189056332315
0.3141661114791323
0.46825035832023837
0.133923452572347
0.03594746955637074
0.11344661226609043
0.17094241612921296
0.1713054928885968
0.3529454537426185
0.06711087700112967
0.3314637875020553
0.28719633975534514
0.3170005405046234
-0.06082380344282079
0.2847468599887683
0.3560933623206467
0.15655065814408275
0.13220888559576555
0.04821593341760283
0.46044578901824734
0.34498233515977117
0.18697401111854745
0.10036232133358708
0.10393812221855103
0.2946092996628882
-0.05885309951461398
0.08305896405563129
0.14808437112911993
0.24975071689000455
0.07992404508491407
0.22477344842013486
0.08615856682514622
0.211653942313013
0.1351095336510707
0.30527503486004026
0.18329907952471636
0.13054799969734693
0.2743481024074422
0.21982535567227673
0.11285250700204702
0.13956376145226596
0.1534107031850548
0.41399304973074313
0.21336351638185003
0.19116908181006936
-0.09894119874983165
0.34811632023464884
0.05885309951461398
-0.051340931452666494
0.43250599599452305
0.39366421159983156
0.008266029691332
0.13482087766723327
0.31206075459547483
0.1274154026779239
0.06916769763730585
0.11634655651870096
0.0809106488784766
0.3357352043457503
0.285887287316919
0.18281928783967866
0.17857020034452598
0.4444435759084979
0.37062011441119097
0.46825035832023837
0.369685413101267
0.14634988209755206
0.323483415953816
0.19407306139007446
-0.028838344777000313
0.2729597685802008
0.20207073483374988
0.4037448099241729
0.011851448085183569
0.08756015952971602
0.4120677197458497
0.024594178375971776
0.2994585762578234
0.24169999114409418
0.17688707210137533
0.2639615365722699
0.17462391519395803
0.1915494372765607
0.0969044199475454
0.21412641391949866
0.04801907391008897
0.32208672569445856
0.23852908622296248
0.25277900954082394
0.46580887926341363
0.00863197594471321
0.46825035832023837
0.07671832038052484
0.25169771989586665
0.0748011865691155
0.38433354228024647
0.14352241142248956
0.23752612633815812
0.10863110510001617
0.2853328538016924
0.07992404508491407
0.17050024616119935
0.05885309951461398
0.4280699328555994
0.0969044199475454
0.3850642087640587
-0.010813051651779149
0.10200169037904605
0.3087933439662232
0.34484890960539727
0.2598349438696058
0.22706481561503394
0.23501607382505468
0.11087303830648698
0.27800728455505935
0.19732249246172567
0.013224008610783267
-0.024610635435740935
0.029817983069365894
0.14688617575456492
-0.00965690656757795
0.33243365386125473
0.007157282571439383
0.17383694694137053
0.3507739356946971
-0.06731978820459611
0.1898543141516827
0.028838344777000313
0.07513660990916443
0.24349620672922767
0.18850052898812103
0.20092223566534045
0.22573979517039
0.3529454537426185
0.2806563445932992
-0.019264331644841814
0.33642709156093753
0.36820983704692256
0.39207749446950935
0.22734645097801193
0.3487616720153776
0.24549704770388753
-0.07527902358620758
0.3529454537426185
0.29551942165234457
0.05885309951461398
0.03222644722557272
0.16842112876593884
0.1973531205876548
0.1482875689553218
0.2886920376332877
0.14492881245060635
0.07828600171051342
-0.14494683851093526
0.09917666473349984
0.2325565640491561
0.46825035832023837
0.287226276546414
0.17442392135062823
-0.05501299546958771
0.3087933439662232
0.4120677197458497
0.11812263695925412
0.1412784724401422
0.25193944446754457
0.16793964769295938
0.15962224351353715
0.02440008140415184
0.42296707381789317
-0.0001967716682476639
0.05885309951461398
0.07991608559839647
0.19559031751202888
0.11797536551784538
0.3413263618023912
0.2003997708216677
0.13428646026379543
0.1753784792681366
0.34484890960539727
0.3236681186003371
0.20081322945840402
0.32320702559238873
0.09080339967886514
0.3871170354264364
0.080298908251132
0.36641800247201534
0.07804198236291043
0.33744663655134166
0.12746444883933056
0.09037399552647163
0.0918243351532933
0.3083229442831512
0.2851307802589274
0.1916874277407054
0.15241199880016876
0.3291163645709272
0.11812263695925412
0.12129621907014365
0.25986920601517277
0.23146280207305298
0.3197572689357729
0.255416426200387
0.20018943936218248
0.1473637605421716
0.05088892863966593
-0.03548946645589418
0.1840644658491975
0.1879640411530913
0.1708087834231347
0.21336351638185003
0.15945106796774206
0.26318791749103093
0.3397626036630351
0.16315928605796198
0.26475963227355626
0.3041016164632157
0.17340005274512216
0.05434535348622399
0.3360803634505075
0.1549745751090702
0.2842914902301262
0.15764729025569213
0.06534270219167099
0.17542569964758337
0.36641800247201534
0.23698464115709605
0.3563464223715023
0.28799190118445844
0.2018776306920655
-0.06381733391334721
0.3039388226992902
0.2548537907515531
0.32613024792329814
0.30764744953386297
0.13345621357948428
0.25730707134625125
0.2517377663681642
0.43250599599452305
0.4280699328555994
0.1887633157894288
0.0018561450516811906
0.3693985423953101
0.10833410348941253
0.0632326292171485
0.1487854357137583
0.0018034274758695346
0.11740397584550089
0.06731978820459611
0.41381323669541725
0.12238288801504171
0.15165711902865436
0.15655065814408275
0.24358870289978252
0.3314637875020553
0.0024307301130678804
0.3141661114791323
0.4280699328555994
0.16223936916318582
0.22073768908824976
0.13180506085112692
0.2534776415591255
0.15230343134506408
0.31608664467732356
0.11367823104026303
0.36641800247201534
0.05489052143638817
0.1994261944929343
0.335268082886746
0.12354728336461113
0.12382969085305218
-0.11285250700204702
0.1626195063075359
0.2688839175710922
0.22618002031330314
0.2069771183243737
0.05885309951461398
0.0011106674955475015
0.05885309951461398
0.12139543596037966
0.22546876931032805
0.08118198089861323
0.2573612057156254
0.10966339290814597
0.46825035832023837
0.11315831940533255
0.19211530223338352
0.2874278503146422
0.27142681245847383
0.07850376702301926
0.1589771840291102
0.19825626280565833
0.1705709737271865
0.34484890960539727
0.31206075459547483
0.07992404508491407
0.05885309951461398
0.07122394597078985
0.07572400936733553
0.08689297899640047
0.13681204911308592
0.1755034229449104
0.20615615265018583
0.30493948321026615
0.20951327252175184
0.1662253133810958
0.36166309874441455
0.46825035832023837
0.05874615795999455
0.35309516306949185
0.09581793701623181
0.03862479285307646
0.2920467080551015
0.24643103452117998
0.07716580781971394
-0.005790564476366389
-0.07786686905623591
0.3145363680169755
0.34505250882043437
0.03730503346698266
0.09579057121563134
0.12038232324284381
0.3520575335950355
0.039990661929978855
0.0690133089574686
0.19964085572982682
0.13726879897122812
0.2838066608376407
0.18333450201464752
0.24905469623074777
0.32320702559238873
0.042049601603937226
0.16582829371562235
0.14178214792958604
-0.05748249587209808
0.13956376145226596
0.12315215916534167
0.0748011865691155
0.21105390776296035
0.3388896919657829
0.24029227295187405
0.13956376145226596
0.3540027467278728
-0.007713588363275681
0.17226065927569045
0.18533026484869775
0.06711087700112967
0.3357352043457503
0.22789684061220722
0.43250599599452305
0.46825035832023837
0.3360108508882348
0.114290371819663
0.05885309951461398
0.413547740275436
0.3649305093736662
0.3225171973131481
0.33362984746209307
0.39509353493368354
0.46825035832023837
0.4165037828847734
0.17847777800886316
0.13508148378892293
0.04046530934524378
0.2016524436006334
0.30546388213746756
0.38310580544896006
0.10200169037904605
0.10081644628071335
0.20305363049333197
0.46825035832023837
0.15284405033489856
0.46825035832023837
0.1932242062107934
0.253511833206473
0.19816848151544225
0.16387307244638144
0.13529712058211074
0.20798058135872288
0.2738237034802407
0.2331727360111529
0.27631479979953705
0.35081034751115026
0.10794235090703036
0.1351095336510707
0.3498880079479973
0.25840935823560085
0.2573612057156254
0.18684282898591997
0.40111492198566523
0.2689632047101528
0.1457720044742694
0.2421999221911486
-0.027451355231156827
0.30493948321026615
0.21307914630604458
0.05020261229138284
0.34298638479625576
0.23872569949326677
0.46825035832023837
0.30301805674710136
0.33755531658050947
0.17816827688846665
-0.0018034274758695346
0.266838975459684
0.23676987957505385
0.13956376145226596
0.31206075459547483
-0.029817983069365894
0.46044578901824734
0.11285250700204702
0.2550374219571764
0.04782963765049408
0.353925350780292
0.1646328264318243
0.46825035832023837
0.36334100307509326
0.17782738563400252
0.3417850981911827
0.2069771183243737
0.18999022163255685
0.27697737296177194
0.23809289805439937
0.08942764160773442
0.11127016222679631
0.21796166345338303
0.2548537907515531
-0.024546060506381973
0.2204971400632344
0.06616866021126194
0.22318600422541468
0.11924767695271199
0.3401864807820181
-0.04384188490929786
0.2660634350572901
0.46825035832023837
0.056486471676405026
0.05885309951461398
0.20874447337608476
0.12918195415706335
0.05885309951461398
0.2813721274352399
0.21359585375882945
0.16477196013799073
0.30493948321026615
-0.03730503346698266
0.2307564580919222
0.26073448825581547
0.21000273406655734
0.145127227469051
0.29967963870657655
0.25257234997547734
0.23305804742404673
0.09315766546077947
0.13507935285780048
-0.11797536551784538
0.17324708444014475
0.14658930995269087
0.1389128601168771
0.3990362360858474
0.12038232324284381
0.21336351638185003
0.23422995405885483
-0.06731978820459611
0.0742522407754923
0.06009578436708485
0.23939666762093242
0.285652500747319
0.3308096817197872
0.319613311729694
0.39424001432469896
0.1943359225673314
0.2553074147198438
0.34811632023464884
0.3087933439662232
0.46044578901824734
0.16385281166814653
0.3137721868010662
0.1434080075774153
0.21212559036203416
0.3370301944635818
0.063489777906514
0.13866498864650068
0.22146621744487038
0.26836422026268225
0.26541301082856944
0.008061005818268074
-0.05885309951461398
0.3598970304575227
0.028838344777000313
0.153437943999492
0.08690997860443878
0.24093541631190757
0.3782378012149493
0.2555159829147793
0.2322462091272115
0.13956376145226596
0.05885309951461398
0.14388809916576367
0.14530382833220995
0.10431904698610872
0.4197470230339225
0.2938194147706891
0.34618981166339524
0.03735845679440719
0.08810788222164034
0.3200441559342659
0.05885309951461398
0.17990652071155983
0.10530058907560319
0.16281022781357168
0.06444273475301049
0.24095917012087775
0.1743777383268284
0.044595637865002924
0.029817983069365894
0.1634709683170978
0.2083012214327501
0.17922110167991467
0.10366867288695336
0.23867365748309216
0.16570091445389445
0.30799689958194437
0.24047873636740968
0.18062907189794813
0.1898543141516827
0.09557229623771485
0.043502054223418574
0.21024147300934565
0.1213249457254556
0.25056854549983487
0.3256011794134096
0.11565172915182276
0.12188508039176993
0.16616967614565537
0.3164938278455938
0.18972265470723876
0.2212515057070773
0.2571515345097176
0.2893184954605063
0.15991604590881286
0.2537456382869385
0.17532405228445025
0.11027111189295469
0.13120898589371088
0.42677112897502056
0.17504950855962642
0.46825035832023837
0.2391882173351645
0.2842347913920222
0.11285250700204702
0.34811632023464884
0.34811632023464884
0.09082556412751597
0.2691034298985265
0.39343825323237447
0.22188856007440955
0.15598322555614375
0.32324883145765027
0.16154440867435876
0.09167293065325793
0.25841163889147684
0.4106233990192213
0.1774350511282276
0.1608758121808005
0.09870430184472906
0.19100924997585983
0.05885309951461398
0.24865210508180335
0.3909967741755497
0.13689899990266885
0.20677604867676247
0.3401864807820181
0.21520078670843545
0.323483415953816
0.13774686773845557
-0.002783065768235282
0.26856385897655105
0.16235451235236825
-0.02276233337712047
0.31005255547293203
0.12785394947253798
0.1919550955772495
0.3141661114791323
0.09541060751380037
0.19819699942397728
0.13956376145226596
0.34482920304073067
0.11797536551784538
0.299895944764825
0.11542246462643824
0.3461538594896481
0.13626218239320032
0.1167743215617959
0.2600206171900904
0.2830503317491067
0.44275204435333887
0.11285250700204702
0.021149781239630405
0.13617571990290006
0.1625730679868162
0.1933621116524084
0.27927308087119807
0.46825035832023837
0.30546388213746756
0.25322729891270174
0.2901427771464796
0.3896429001099397
0.0488050789053
0.009066289532376759
0.18470323205896239
0.0014384884757143723
0.2476755583936079
0.13956376145226596
0.027231688969378387
0.13793708019034928
0.30493948321026615
0.14991457320103546
0.3228869669978476
0.2113687989686433
0.10606708245663915
0.30307998570806527
0.12492924759884716
0.3251369353322616
0.12241142865676902
0.27433597222306183
0.3782378012149493
0.07326382511898921
0.15117261472711918
0.024701566859736734
0.23852908622296248
0.1868727691796399
0.016703519779337817
0.3401864807820181
0.0015273868628459253
0.08256519277431257
0.06396799854389495
0.30493948321026615
0.03264316659287114
0.15117261472711918
0.20241430754866002
0.17924413659178579
0.21793776008239069
0.13517040161736948
0.17279662083546005
0.24042631199489178
0.007393989267360401
0.36166309874441455
0.18999022163255685
0.03741197502160193
0.4580043099614226
0.1495000281568865
0.308509486758282
0.10149313795153214
0.27033223672937623
0.08650122641401847
0.11285250700204702
0.2504137603897236
0.2853328538016924
0.08825101171579552
0.2659457360093085
0.0843601082238376
0.09906117716538093
0.1598509135736516
0.12823338357449687
0.2895332071982996
0.037785931275490625
0.17631795910974113
0.2467498196739772
0.22199318123564038
0.3456687860573595
0.31608664467732356
0.1840644658491975
0.11812263695925412
0.09498768635644655
0.15039733311917963
0.25225461061362253
-0.05885309951461398
0.3141661114791323
0.34811632023464884
0.4197470230339225
0.09398422174827797
0.3896429001099397
0.38278535980895206
0.05975636902496967
0.25248375786291644
0.1466249809323148
-0.027231688969378387
0.09587213213941559
0.29770396497491936
0.3909967741755497
0.26947318518576036
0.3628245447919017
0.15241199880016876
0.2187499410864912
0.3038757056096324
0.2904577331980279
0.301801329409171
0.3394140908929843
0.15991604590881286
0.127068292801494
0.3732063665436797
0.4203787161381341
0.2743481024074422
0.12018222641144621
0.19704300522513551
0.2837091440101217
0.24637372835201365
0.16137487406000267
0.0969044199475454
0.19764966416648055
0.11285250700204702
0.30783488943566617
0.12241142865676902
0.20795439337224603
0.16031310157659862
0.2120066405304613
0.21053505250493842
0.24497623095925408
0.323483415953816
0.13598883651391608
0.16500409397031807
0.4120677197458497
0.11814294665148817
0.22110600136258246
0.40012734792774274
0.24699278663715563
0.369685413101267
0.2598349438696058
0.1375677928856519
0.10794235090703036
0.11290715770442605
0.06009578436708485
0.20006667895894714
0.06748088629951204
0.1639758100561024
0.08178483634748435
0.33318987135443995
0.30307998570806527
-0.008050250759956024
0.15643166178944462
0.3068308832212225
-0.019798118340817517
0.27640017589852334
0.13956376145226596
0.11993282887920803
0.3401864807820181
0.23255125578782537
0.19100924997585983
0.1691772736417117
0.11812263695925412
0.20833556045703938
0.11285250700204702
0.17435757675814306
0.3717396673389199
0.28567128031716765
0.40127098627680263
0.3330135633012229
0.05885309951461398
0.12434697408340661
0.17376275351500736
0.13474530040252863
0.31245574153769723
0.16526083996000812
0.20174923684767665
0.12286720509620863
0.29967963870657655
0.1887095759422513
0.013014485158689248
0.06711087700112967
0.32173304352444704
0.03963986358049304
0.2456932168808747
0.10574780938942491
0.2529751321219548
0.16496298251682412
0.1910703174267362
0.28750220202127386
0.11239750420561728
0.2034596451445132
-0.006915415563151006
0.14923841668927929
0.2793776246135298
0.13956376145226596
0.14836498342167698
0.38519196304835424
0.15215483805876967
0.03719219078909414
0.060487218399805254
0.379168409346997
0.34530137981129894
0.10707702107918726
0.07792759616941691
0.01804074697139374
0.26520999717224053
0.3948853906247746
0.2550374219571764
0.39782670203429527
0.360426853374761
0.3141661114791323
-0.0969044199475454
0.05885309951461398
0.2657452480801497
0.1483419707245045
0.3250628577862216
0.3401864807820181
0.1861258402340502
0.1338692574491634
0.36093732235051146
0.3106378813839056
0.15293661383381657
-0.10516219743406119
0.34484890960539727
0.06600056958493555
0.12712834498265968
0.41531095989499883
0.2743481024074422
0.23540710198801607
0.35056189849809294
0.2185954216637831
0.14170792451282116
-0.07992404508491407
0.12608612737791242
0.12113557298206418
0.2618733757087995
0.28719633975534514
0.04224824104672886
0.14836498342167698
0.07606247932105348
0.20866693853094137
-0.003770160011575152
0.3082983111629588
0.0323385874962126
0.2634030194607844
0.05885309951461398
-0.008269917021734574
0.09261761395836415
0.3357352043457503
0.17857020034452598
0.14202517696385197
0.011490806154331734
0.24552050932807534
0.2518751578577446
0.2853087441654591
-0.05885309951461398
0.22664697565356806
0.19528558182559164
0.2114449138023935
0.34763771555016476
0.04478643183150183
0.14334219081984673
0.32675125124555493
0.19187023765541705
0.14782980262536732
0.06009578436708485
0.13905813063705574
0.290412652472172
0.14987147055891303
0.20219733153418595
0.3628245447919017
0.4403105652965141
0.15216258896309798
0.0748011865691155
0.33036243683284144
0.05726772149487125
0.23079930418165873
-0.130734338478446
0.125819340834952
0.1389128601168771
0.25815564966084065
0.1168714210169512
0.19621057758519045
0.3200441559342659
0.20594708858196215
0.2702094430635284
0.20755165038631024
0.14442466367683476
0.17724472641123273
0.44524533700082225
-0.0001967716682476639
0.45131481084740277
0.22105088960566055
0.12657423841509446
0.22750788657022242
0.1281799796398324
0.16220158193449769
0.3284043459615133
0.39424001432469896
0.01608610339002392
0.3178449980263659
0.03507286651723268
0.20599096812589063
0.2538779862791662
0.12560790286483048
0.3428864488603966
0.21264749958372048
0.43250599599452305
-0.008269917021734574
0.06974100575165082
0.25083840152328507
0.2820413335362075
0.265552752859188
0.4165037828847734
0.09050731890019642
0.3137331298753717
0.19861756735440844
0.13956376145226596
0.2781105458399582
-0.011843488598665963
0.21336351638185003
0.13444468052202557
0.15047346997540517
0.1168419912689484
0.1094599852234951
0.08803480694498089
0.0015273868628459253
-0.03317673550969513
0.13956376145226596
0.16500409397031807
0.1249972694954633
0.05885309951461398
0.12241142865676902
-0.008050250759956024
0.11836940065727786
0.09268301804551454