0.08359205044660467
0.046010876657063715
0.0763155644793383
0.03524949744624778
0.0737579140124815
0.15831653006159674
0.13960088052566216
0.3158450624031303
0.05019633556955083
0.1087468246237111
0.08544485712857625
0.09671603375365434
0.06994819877374447
0.1381230343897354
0.08616154384561447
-0.001947461025946784
-0.025937638062968782
0.10631692162902395
-0.008408592362097622
0.057239349533172834
0.0724279470023072
0.02836181789572767
0.031720381040206524
0.07097514224335677
-0.01788565272315573
0.07216302134194058
0.06686225865315049
0.12524071910949147
-0.029639488915739254
0.33572052209207226
0.0022439156147839867
0.40548710660157367
0.14377860972166923
0.05802528080076563
0.1159858214200023
0.16550319211937414
0.04654692631446833
0.15987950166405152
0.21834512490319224
0.13350551908347869
0.02965498766595115
0.019421759249999504
0.10794382531987035
0.11851093124457096
0.0228078252553095
0.13373576094651107
0.10823537325375193
0.02264897815027861
0.147237384441869
0.13294719039889452
0.041344210811393445
0.12323043275784484
0.015779555371828458
0.011495370904108237
0.03593495680181025
0.13757607439994868
0.04861491476408447
0.11513143355312605
0.2824028373548674
0.08492453382399495
0.05944206442191369
0.07984042127752677
0.1393523884668249
0.08228547770977857
0.14421308594181226
0.3490063858082244
0.06428590173329934
0.05146066380227993
0.13015665615058108
0.034663738941401234
0.1393647843528512
0.06782915255155231
0.19617815019069568
0.08228417792496556
0.2785598268620453
0.023061975882113228
0.12541464341791708
0.12673225218856105
0.07954968811418606
0.0707503830268853
0.13846044978374294
0.15065994131284066
0.15179687189090235
0.05208846179249271
0.040999354460784954
0.2552295559848233
0.40548710660157367
0.10010390329370494
0.2232709447370277
0.10429281786999578
0.04054811358181731
0.1145977884194867
0.1434361609053884
0.018342275374960415
0.17929346776522448
0.036880113992772856
0.08376238916214229
-0.021029089830849
0.011652376736232484
0.14485162492105041
0.14277472192979318
0.057934884006322074
0.03254526641099337
0.014414157056839128
0.014861065261797368
0.1482517781789145
0.3854543636587705
-0.006911304434629284
0.12250622161683866
0.050725558799000314
0.14202561874976583
0.2543881141179527
0.03846260102682025
0.3321938402173627
0.14922087272155077
0.02580220246770082
0.00830768156072631
0.07642525971687952
0.1219686758672624
0.2532062640114259
0.032250811234973586
0.15385357442421616
0.05204735500420665
0.14915070638222355
0.12383274608703021
0.014384374675762368
0.05667064298715074
0.1745377935745699
0.027596944591206207
0.1314529278840606
0.08215812144497986
0.17487827256640864
0.09681585699537582
0.11475394945787037
0.17696357125056117
0.01839673067087455
0.07984456469720619
0.1281671398569133
0.16204674764280208
0.14063817864890588
0.09992528598472028
0.1738760111030972
0.09649922610052625
0.1525382392582697
0.2811486727625961
0.06479555900008616
0.06417367762415421
0.048871236558792
0.1505637569627783
0.14359373702091355
0.07647155604297218
0.17923442762547548
0.078262093867282
0.055574257762461055
0.0018874325548927096
0.12140245360212876
0.0854268410561777
-0.006999192803742393
0.020045207984582758
0.10818004652699326
0.13276963255658852
0.11578364213292935
0.09796953672150599
0.0847737820994412
0.11801043078742152
0.2549493984864678
0.13476094706540365
0.058825947563752645
0.08927206273428107
0.1017030791963709
0.11692984502778192
0.15608652446418148
0.11414580767370919
0.2643415441878422
0.06629509432233244
0.024311585818537873
0.03617228695459551
0.1246774734328624
0.10356293982388332
0.14556172305968673
0.10232340873087753
0.36295542899598937
0.08915886214518165
0.07231472669995626
-0.0006099372927678703
0.024387258551582802
0.02791937473945222
0.011233759032769297
0.04176861821691075
0.12371376915202448
0.05616041900594115
0.15726975613111271
0.2506841667125342
0.07449108611374433
0.03309093739422991
0.013940535569957946
0.0036183262674758243
0.13506123901045158
0.033585675138040394
0.18821897625805117
0.07643529461077442
0.041584476109801316
0.0195413451059413
0.40800920390046536
0.29173115127073873
0.09140992601049297
0.0215000802430812
0.12597134564283907
0.16849330507293764
0.1299728599749006
0.03357186693464742
0.1090826831479434
0.11677151970068633
0.2787196097655769
0.03968472695632064
0.059979977375229254
0.038003313472307065
0.11700516031274405
0.09654995527912275
0.13950669262873872
0.02556693313805458
0.0504736677940148
0.04926972281995379
0.033994812537364416
0.06052947953257193
0.014132746660863449
-0.009926269204970528
0.10933092894717794
0.20876689350185063
0.05831137742920378
0.07331009172472441
0.0254921336717831
0.053623926063142424
0.11492132604396588
0.02895306240685025
0.10872896808407245
0.1365944984206786
0.2570549472023615
0.21780891206116437
0.03597921607563759
0.08185092581160741
0.13613412746888232
0.13887494653315902
0.2631565181821266
0.2789258718274507
-0.018832620200246952
0.01948664353449664
0.0725484984292879
0.2889463453676194
0.012406981291464725
0.034101131322993083
0.13494370318891924
0.02238935865459396
0.2607750064214367
0.14575452858201543
0.28373472314719317
0.028422156054185466
0.046049940845363235
0.07777875062002831
0.07255114809353719
0.02564748217899787
0.03579113792479227
0.03098826794162246
0.028794813334742486
0.04613146611947527
0.09575071722981526
0.05245521351772925
0.15418491846473653
0.10339780483074906
0.08139169100026994
0.1350818476768304
0.0263949614243269
0.06880886758354071
-0.011955137188451592
0.04131409336193742
0.1712206480508927
0.13995454067236113
0.1895926230678956
0.05613404123180882
0.025568251894575955
0.11853927013761123
0.05447923079071254
0.3350984976084449
0.03913208800918283
0.03504492470309434
0.13819612665394454
-0.016471790738046777
-0.0013524636560966474
0.06467201159530028
0.10844465806984593
0.14440296838670796
0.04720927691770882
0.14536543916426387
0.3340467619995337
0.07804508819269168
0.13493365741887514
0.05707580903626808
0.13034701764577777
0.06757111809427185
0.023104714544798954
0.2992447541098361
0.1396889262621211
0.12924180339820596
0.13244096350803408
0.1637761559935761
0.09255604848657067
0.07652320279904629
0.12358447354694002
0.013501758296698252
0.10509198327902164
0.24120753512859744
-0.0016270634871903278
0.18992813152230853
0.08693269035929146
0.11353138812422903
0.061016859903141596
0.14575210178688064
0.04893217119477311
0.07081006761899467
0.19402969115131663
0.15869987533730917
0.13827725307820765
0.07836938239133062
0.06530103343121302
0.19771372885846422
0.14482075560068897
0.021209776862284424
0.03456123816598672
0.1620839490192283
0.11903290265584615
0.047767255898210126
0.09522634812516001
0.11237519403784763
0.013710670367875655
0.0331328124712289
0.27700090437528235
0.13477734751395948
0.18514954743687317
0.1792800199688761
0.11611995029502231
0.07311215901219698
0.08596909540870984
0.0489458375609233
0.024248572528201562
0.13007920305173432
0.09471863202917619
0.05028425879323217
0.016026905329994845
0.19898507202795895
0.1374072404423573
0.06534078001639049
0.15698927797725132
-0.030123911720683905
0.14152334725237087
0.03008385073759756
0.1341066283326321
0.07275102856163335
0.05301285238042658
0.09191300185239482
0.11105218080339374
0.07359274738718558
0.24464710718680677
0.10665881579730685
0.08532039249231282
0.020548631655381677
0.09816586355215107
0.04833799256983362
0.07907298895296783
0.1742381586530567
0.11515684213904859
0.1047121337311816
0.008500516581870121
0.09241761325882447
0.40500251870287507
0.15631099879822358
0.006455979788899058
0.07855782222511498
0.02870154472236064
0.04067684212207445
0.08774214546033143
0.12236509315097893
0.37388163784631234
0.12142295241761625
0.021356496878941256
0.10187033932810036
0.04097333318300217
0.20454880704173106
0.07863196457221056
0.2875055722729787
0.04745726175712056
0.1469015840147586
0.1076593951927402
0.04305638960044328
0.08747181021215705
0.06028319363876278
0.19769220669402976
0.09212985334417895
0.01900488728359845
0.14037987653234868
0.01740560928030621
0.09433770948601694
0.12659715034756686
0.06809080321448724
0.03981100738984311
0.1447598830986288
-0.00458074474347997
0.13412596738341226
0.11422947653008203
0.003234459693829128
0.06856744999219766
0.07086417497529962
0.09615538613663382
0.07893956399559776
0.04874303282004727
0.05148776296767166
0.1549289876166366
0.05750865589893167
0.1456213557070215
0.03957218484619529
0.0829434348311115
0.1122280945262083
0.041839258663507906
0.09791057070309772
0.0886438198785402
0.14284958286337396
0.06864484232154605
0.15523365609689954
0.24009249540508004
0.08902687254717961
0.08509213441695718
0.08649777169590117
0.3037207453769207
0.09889618491908209
0.14757912751750174
0.10703404488659579
0.03197528167396618
0.10385682249455974
0.03728031165680251
0.018082200439406393
0.061821860547894125
0.1413693777626694
0.083767841524158
0.20934882253832904
0.0665236605909944
0.18341622353825632
-0.024558791490656318
0.1365035412164916
0.12854930244581997
0.3076807289610487
0.13034955383642294
0.04317197670388029
0.10201702768426885
0.1557836463586051
0.40548710660157367
0.0725663697307255
0.017662719181924358
0.09504523958253863
0.14110369305952536
-0.016146498176891122
0.0252269927152175
0.1192430567829294
0.1227694004010102
0.3085387978638544
0.12299802740059301
0.18383952587438612
0.04944179842302415
0.18276064489922
0.25383261877438873
0.1236300637765177
0.08716631298539018
0.04624360015886053
0.22376706942955776
0.05590616751355959
0.30882708851020557
0.013711740651226767
0.10198051110327205
0.04561682780424037
0.24469591763954818
0.10322383938709268
0.1396607276263011
0.09209964568204942
0.019430180083807647
0.13446568521778285
0.11588992312389895
-0.008727002164564457
-0.006938188031040071
0.04670952764349068
0.14465617712847612
0.03212325183980458
0.11358302411013155
0.05917087161657458
0.04439590301847213
0.2380654544581985
0.0809706161575095
0.12977336185964905
0.03806576126823025
0.06692551352288917
0.11815446765993404
0.07624232611638454
0.06674482103383667
0.05690571938300787
0.09419641965479925
0.024745251125566692
0.06509480336497447
0.05472870383586281
0.10915123274985972
0.23097516007579605
0.10931234356336472
0.13681836926432278
0.05125092154542793
0.09627641396128706
0.07188316356525604
0.04393800784685192
0.08889837155632568
0.05950323576150618
0.10701254212985456
0.13769706518271574
0.11618002284529866
0.04459425506816128
-0.0072209684155779
0.20064983361601657
0.10529949317371418
0.3700009957434938
0.19228834147438578
0.07314913547423996
0.023073934185836753
0.40548710660157367
0.005551611826605352
0.1099934979558242
0.11648486923215079
0.40500251870287507
0.1368269171935586
0.06190906302529464
0.026991571240958412
0.1089122158986468
0.318829305008788
0.03006464575612544
0.11618548260791667
0.19851324243807428
0.1459716289665245
0.16327029407241533
0.250551096281817
-0.010489126409625016
0.18283657020511646
0.08004467259252745
0.12498547300245633
0.09014594988479863
0.20871023871450067
0.10387879468559841
0.025070980000172438
0.035537061914323376
0.17931478710454918
0.1415089976963243
0.16698731207039175
0.07719536419001427
0.20449427663466396
0.09141756390769823
0.03742466630523844
-0.008039530800464545
0.07457634594287915
0.10718875207861084
0.03320857644675457
0.1445812247668123
0.23193289426022812
0.10667841664460875
-0.00018597398012115685
0.15575502939555652
0.21804732675895339
0.018761562111335173
0.03727297786748224
0.24135902599688036
0.1024439536894356
0.05894359009572936
0.10625951519063981
0.18150794525273817
0.05773630198674762
0.2263735032427837
0.3655479788794669
0.0754036259853233
0.1743619996465562
0.09264992658304855
0.07839291894736061
-0.02788519333647932
0.15235939903126022
0.1138831395377346
0.16540936719978366
0.0697342726398848
0.17379098184171865
0.07207581220886677
-0.0025150724865576346
0.05592866860766077
0.10581636968612534
0.09263116204066385
0.12608001567508592
0.07059629131116579
0.15644180695587528
0.09823741667851282
0.12618998296840872
0.03956725109291925
0.37388163784631234
0.10399509462833528
0.02062612486724169
0.03765434321863126
0.005610809753536672
0.045927551493038454
0.15365261007175623
0.28440689420319015
0.17834215419738964
0.1272749298546817
0.04246627713643669
0.24024468058358472
0.0848841685440812
0.130191368862195
0.08177372162299823
0.030487033517232753
0.04916038549304491
0.1689898065854678
0.13275670605636786
0.07481471103991155
0.039456815673237
0.05715059401808914
0.02343787727706137
0.20337754819797288
0.06451329937381622
0.17722779173784842
0.04034837811047759
0.08953835537471333
0.148463520608981
0.1270157041289433
0.09347192590492193
0.07014135546856975
0.14242079542193786
0.12723548013905944
0.3402357832677307
-0.02072773691704638
0.26628369541967534
0.38361094592242184
0.2864009750946722
0.023639453777780706
0.17323121877361208
0.1154480394162003
0.263029943855578
0.040360290009766375
-0.008327110714847374
0.12818501967812063
0.097514000022762
0.20495045371341675
0.10416625178058342
0.08540538728894864
0.036875654475035324
0.07633297028664832
0.11895191615554024
0.12528816541708543
0.07011896879795765
0.08268211910653261
0.3795071739706919
0.0564082668642823
0.10518658945622839
0.046948698584876936
-0.002350649262007065
0.2508755531694268
0.07143801009594714
0.11622258504586097
0.13691328980474066
0.05849163901166049
0.08409504973404258
0.12639443233608116
0.19128568507030602
0.16300948792266956
0.001399108312197861
0.09187054934723343
0.21639038355408413
0.083675727129774
0.05801513960583682
0.2276989117212509
0.36002437244459157
0.10313593836890289
0.09620486875557133
0.00035971605607360013
0.05345862191356804
0.02700573894233177
0.13158061216345862
0.16822297288376087
0.017584598800299722
0.07436841648197806
0.034559987824342
0.11384170041894098
0.017548943216795232
0.10722297064534125
0.07454220850827581
0.1583906922121055
0.04307622472219569
0.15433463293049643
0.22784438663440582
0.16615551601408818
0.18383292257107753
0.21782585664404336
0.16670907777425525
0.0951458383387902
0.09587149983617066
0.11512917077689
0.2651284638628578
0.0809872495697016
0.17761284247850306
0.36344001689468797
0.16297014802036347
0.11405555216698393
0.02414529602802673
0.03348564769394091
0.12344439154979675
0.1937481146246252
0.057872705678337466
0.07622505276112895
0.08751053363020278
0.005300330722894264
0.056987789085559515
0.1763725131433873
0.10191101868934105
0.117888577656935
0.0505432557924862
0.041875437632820645
0.02102351500796512
0.016652686374234726
0.1060169244065639
0.012853497744735043
0.14285646306526117
0.06414015484238572
0.14121343357526017
0.0953568430934798
0.13510816358926303
0.09821429722514524
0.05198134809688426
0.18051607544838422
0.14125061573717163
0.2829941992784286
0.033357672141173245
0.02639880276602896
0.1539467683372786
0.047815006382095904
0.06815645964173567
0.08180743603673263
0.07076050583992133
0.054067853533225796
0.03990647448306428
0.07062540091217817
0.10913027794846325
-0.020171277654440378
-0.003114512391468649
0.40548710660157367
0.1354153805775189
0.18936389164702216
0.0785008867843433
0.10437302382826535
0.13682588047187727
0.16136327506295178
0.11290048321529345
0.0653739708286386
0.06882030385824389
0.08150660409451915
0.18061734121990614
0.1676466312985524
0.08958858766511812
0.1379132793663017
0.13823694064573983
0.038913485192586805
0.01972839465718862
0.12521109934550712
0.1152863819477501
0.30776920914376493
0.024348163553225055
0.04219084908561549
0.07777765106700979
0.18500166336767926
0.13783463970689747
0.11650653898554109
0.2590467042435568
0.36965783585763273
0.3001334627618855
0.10534466541681337
0.05172440579736376
0.004561850987776728
0.16615454361738563
0.07389285737728735
0.1512770133379821
0.38749539235256664
0.0012775733303010406
0.03151448472190288
0.09399081339564008
0.023695602772992486
0.08785913889841085
0.10144304877962557
-0.029472852657541293
0.39666842053971024
-0.023660673283327383
0.40548710660157367
0.08828911338261536
0.07071418148827857
0.02703991232351305
0.08259682249914113
0.10143772164937148
0.10153246265254035
0.09395434829374655
0.10932461651438269
0.1167470713554088
0.21592498451730957
0.033620331416521765
0.04159785024384011
0.05846043743599605
-0.007339350097378516
0.08593573927995912
0.06495968622822645
0.08109347681627382
0.0965799356223287
0.041523524135193224
0.12333712672532549
0.1253431794628253
0.09905861442034553
0.03127102236707102
0.018196674431083748
0.03648582625970309
0.04385483390465783
0.08850593867822948
0.08569166771814873
0.0657573630994886
-0.006390640229204103
-0.013410310339502796
0.11738258399883539
0.12770018806284622
0.03507373469988212
0.007104446948615728
0.14354304923969152
0.02122981646469385
0.15279479432256537
0.04200636315048262
0.0595128219583399
0.045483468105986136
0.14086334064154143
0.18157847668134947
-0.002487810082885622
0.16350540493368887
0.13128323052663354
0.025262175885312932
0.037432642315701536
0.1263057341978518
-0.024972187114532085
0.06639284130525097
0.06233927060620148
0.03705389818289001
0.035621206815100837
0.20738094651112554
0.11360504037042818
0.07295984669877165
0.1878092974037212
0.0879306914465321
0.07052787806329536
0.0892807443739132
0.024429107766066716
0.02312672428202933
0.08865534089509292
0.03400808581635334
0.057065411039665004
0.02825558037899084
0.1109578802106464
0.13498633213955163
0.10966773088567361
0.12205768017852808
0.08353610231422592
0.05679589133067375
0.1456730077011032
0.07706012646519839
0.0708453510339127
0.059843026844782765
-0.02138854650068378
0.09203430976333477
0.12201483806245556
0.09293354004833204
0.04913621223142939
0.18913800203932712
0.07433065848061232
0.041140242075115074
0.10102552029351308
0.38197039936741267
0.15030940334864
0.1493672330189325
0.15228586436050257
0.11430788955475318
0.12589780884192125
0.09576640022000915
0.07658347024044693
0.1193745367799699
0.0877591763133222
0.29491776491854
0.028173624367328065
0.1691636073057159
-0.008260197518562273
0.17998916930197556
0.11676170681824188
0.07771968894102294
0.2101768335798509
0.09267193103349841
0.023634774580340967
0.17967636356471284
0.014625620832364516
0.13423837767584523
0.046974514682615987
0.15125289882963244
0.22778546794529092
0.060010438867799554
0.15491476826074346
0.25056133131224995
0.1723737997669259
0.09994811062515124
0.016274777410894115
0.09707015263145974
0.13505089892448546
0.16767185459544487
-0.010398392096396536
0.1663504138578174
0.15313775334810148
0.17163069949721294
0.1179767592343216
0.22057403102625706
0.036754042464253234
0.1504506398042023
0.11884382162975038
0.11843147643035296
0.11859297712987721
0.08322083943514008
0.023086311833492856
0.1549781482537304
0.08483483191742025
0.03698556193456909
0.10194952507938188
0.11832063135132093
0.159538252081804
0.1450427687592193
0.39047535206722356
0.09927205675986495
0.03252950713377495
0.16872652960463214
0.3029517604719669
0.1741633133771731
0.16029236758877502
0.10026677705224207
0.034299558681104514
0.07831345020775315
0.08528319731521605
0.1273394591837428
0.046675053123042765
0.2201847823760522
0.12718679167502922
0.09958816840981816
0.07685430471961652
0.1408445090321701
0.06425354286491114
0.015039276372683708
0.047971418992457326
0.053471305903740995
-0.006773302909635515
0.18847100836092806
0.19224129508579657
0.0586110786648843
0.39870908282070566
0.02743707799576328
0.15363420240879877
0.02296212372761286
0.22536040929739798
0.08384317518034023
0.11211119094087157
0.14479666139203795
0.030358352883793016
0.17421797929625787
0.2809609229875933
0.06508005080976709
0.07958799056097754
0.10705903056662452
0.15271816291631973
0.268511430686236
0.11824698316156673
-0.010427965930038086
0.04490701421793253
0.14058922914947553
0.12792111873374234
0.16742746942066877
0.3695431333277285
0.14963707992881914
0.06123125037918298
0.2081897568958121
0.10036218341307312
0.12740115754911674
0.1343883853005628
0.10726046712851345
0.11731874281377513
0.11999323078383434
0.1319754707766171
0.07933268755917894
0.10310142784139648
0.057072233165026465
0.051210998629959203
0.21013900773527516
0.11239543665469476
0.1099934979558242
0.06331070457636445
0.0450055526328359
0.20376336015736873
0.20869575502663645
0.05706472170610771
0.16771533925386023
0.22251567849787196
0.030918230197357288
0.22645577468398415
0.11789705454562549
0.14908432120562648
0.24657573023810692
0.16490883981102578
0.06415970017001288
0.12859393194201862
0.06709436341212244
0.10105291083804935
0.053671231668136865
0.12496080488891587
0.046872439984871506
0.07085571150788061
0.18100323051777545
0.19208934998463822
0.11146159864673894
0.0792364097522747
0.14755452843627836
0.4056947697631459
0.10470034579071397
-0.002845672236502672
-0.009626574688594236
0.12446455782377225
0.28432858023284807
0.28786063998885514
0.40800920390046536
0.1373678183161035
0.10118834559749179
0.08423506448820584
0.13822496063662398
0.19902628893455032
0.12129434743427059
0.10092791692858821
0.08244693719851054
0.1397372945152246
0.12850802731751199
0.08528475818501985
0.12776283344148515
0.04604698345583741
0.07223437562428764
0.161881009250893
0.13440825096628345
0.1388659638936252
0.10210465132438656
0.06484893782753498
0.03061507449937184
0.15069957465553036
0.090580484742804
0.15673329171671563
0.041656634407283955
0.029663394844290758
0.08020663202908546
0.03052093863209926
0.021701441874412364
0.03742529063668748
0.13498039055548006
0.14047321983549627
0.13805208164137062
0.14859196264429347
0.051478079683620004
0.09092492464050761
0.13927003639757235
0.177628108887173
0.09582208526465147
0.168253874135941
0.11448339155890241
0.10445007642456822
0.07329791418644621
0.1296583648583836
0.05421348032128448
0.1175192730165388
0.2062707474944755
0.08810362656152548
0.11927817115974587
0.0749814823738652
0.3387418585822785
0.24272473899618124
0.1289661185652869
0.13265039934624273
0.11180898963755326
0.09316289137079709
0.062180990606602426
0.07276252219570811
0.1380255964373387
0.15778682867959304
0.061166554641014115
0.08848498100629604
0.08731385002081538
0.15007275952328386
0.14093010306698328
0.38522041343941593
0.015885432760237017
0.16305616281351804
0.11058117042345339
0.02929255604751868
0.08937555044811207
0.11022232854640596
0.06370185533358869
-0.022464487217410123
0.1072418451792323
0.13188284299133424
-0.007385033652635431
-0.0038654641894927955
0.011257106868314048
0.12130428137737731
0.29808540630403335
0.12392788272134625
0.08939052318674662
0.02200435331998285
0.009071487044499504
0.10495811536854233
0.04437687538548629
0.1422992219018897
0.12140423496496144
0.05064548764897503
-0.00892383140564701
0.29622745267678713
-0.007528757206713976
-0.014610041436240562
0.14964925424215575
0.18532150907125672
0.15173277841018545
0.023760265509409406
0.27015670196850533
0.10155040069692206
0.12331713834135793
0.06878683140339542
0.154683834912904
0.020426137158740254
0.04462875801485461
0.13289442753628128
0.15171698300042902
0.12607040583750706
0.21227112603145282
0.029268202373911534
0.090627436415739
-0.017757232997404948
0.134590352730236
0.0839715231780852
0.028563757310172577
0.11555772734927283
0.18988931224361877
0.17054395718667525
0.11950319419387556
0.2482712193686895
0.05875622042099338
0.1509281678610223
0.04661363354597975
0.17781943578194148
0.13189663850619326
0.07068103614284443
0.011044689656136808
0.14618615747559333
0.10371994640623017
0.099665597657835
0.14674187868592092
0.26145879230289604
0.09433746168243484
0.12496380145415364
0.11874013715215681
0.10987125199649128
0.02528070610091865
0.10300138021901317
0.027446263066837173
0.11278556331775824
0.047698963091962976
0.1667152270292293
0.023313052674702905
0.14594642026918692
0.24197319293505393
0.2506267965456259
0.0847637634716184
0.04697520608271105
0.12106229511226901
0.05237200343561288
0.21462713686011253
0.17821459743576273
0.1925372276370792
0.15623470251520355
0.020144969845978578
0.1560646788861696
0.0590642559035906
0.1391824916638445
0.06466432838146574
0.09643644545684366
0.1160628905983746
0.1166847050462188
0.09206102106385983
0.0329470440843152
0.02474204219404974
0.01864853195122934
0.3056899172891673
0.03883571069937902
0.08241986326980738
0.09390044983180573
0.04841950814977802
0.03092591042930637
0.01712867539781282
0.11079581931486426
0.12269440872853427
0.05579141202238619
0.05645247662456071
0.0815410057636703
0.06343928661133891
0.19714698557702054
0.026336265222746735
0.019961458506622842
0.025756828425717693
0.03793333302119495
0.04101241231075359
0.12835720540787976
0.13981026563450832
0.10061848644285981
0.07941272468895283
0.13292991027576767
0.04371991529814895
0.16344810575345597
0.07542287743087905
0.002591475270589616
0.11103776106071145
0.10248849375980307
0.17445355448650696
0.08890299134199531
0.08664209676419687
0.13907084468913772
0.12667942587325848
0.04194279721758237
0.16938532558323743
0.13093405365244448
0.06089973866950016
0.059098425374929875
0.07062830137793835
0.04663427630518141
0.1433045605291392
0.06845769686050979
0.15694983535741547
0.12337671744222656
0.04410060131112231
0.026427158253672478
0.16769833425478353
0.13265883365416736
0.04330253694308556
0.10236680296239292
0.1403479305083783
0.032386686055610514
0.017028197721353
0.2044470621141477
0.0520672968880726
0.09462586984525251
-0.019475891460006223
0.13671213892669998
0.40548710660157367
0.10996113107363553
0.40800920390046536
0.05272884780067666
0.06625444584126483
0.12964531258021356
0.02160484852521416
0.11065479385323718
0.12370071152513301
0.2522936342295284
0.23727386935768252
0.05060425021653869
0.18538874570051062
0.03878530195201163
0.012415901714323163
0.08454468533734083
0.056208415647443666
0.10767026933397672
0.08093464922642946
0.16768366306396942
0.016482914059750442
0.3655479788794669
0.14873546171333185
0.1615635502968258
0.04606935703235843
0.08702810530008015
0.18463029695618272
0.02017004355710106
0.15785365903876963
0.22093178165645228
0.05150534009221969
0.2835340011506236
0.05043133297646557
0.056533280897507754
0.14482187427406001
0.03584101361212039
0.04753160975084675
0.14712932446864618
0.10182232464562763
0.04934491550891834
0.11623089418966515
0.14865331082404126
0.16597053953289692
0.05520147481808213
0.04711431266026478
0.09251610606866334
0.07467807466037452
0.14677876298835413
0.08036214159911198
0.010304844051653883
0.08202308296239452
0.23610968363724227
0.14049209904578425
0.18962674222364767
0.03418692314087807
0.13572026796647402
0.03839948471075766
0.10106709554163462
0.14649858018117512
0.03103710566683371
0.17235877855015552
0.08589816297503705
0.09588402899108772
0.24011558138927386
0.2077604649724908
0.07581441867155242
0.14171345221881737
0.14452476490557625
0.0524841153917317
0.17314898915445986
0.030417329292718287
0.05429259997773439
0.12079751560063401
0.1614763611008967
0.031376228619727886
0.10278135120701648
0.10396019407628626
0.048793165557576956
0.11746437104290852
0.40800920390046536
0.11057876950396517
0.07824684593399428
-0.011006909872395276
0.10642727722085327
0.40500251870287507
0.19053813969639422
0.03740736914615789
0.16386249015842635
0.035336111532554615
0.16741103179646838
0.10003559284417951
0.12410146599586563
0.11620236583549787
0.35953712966059975
0.039957241916135644
0.04857800119081207
0.09984353090252368
0.08795820617973626
0.311300965464603
0.05571260367632658
0.1299913153747162
0.08277572064135735
0.12828567178260425
0.03380411699220359
0.23026109038882353
0.1467554413547293
0.1038579117828225
0.15338164229698759
0.004925143809021981
0.1815637219167167
0.12664445449946166
0.14109908993483977
0.2581949219654387
0.08515442024285214
0.11975060073025184
0.08537242385093224
0.18337402653147694
0.1476233373103525
0.06542245177642902
0.22542288236279495
0.13142804530083418
0.061187287468837226
0.06219173730477057
0.06553441747379068
0.16496411905608077
0.07163710305325433
0.04939993953484351
0.09134959712734592
0.11063001654083432
0.09415297000950074
0.13423963703117814
0.08804449373405049
0.09379483683264633
-0.019078766595148955
0.08648258342678528
0.10383123728319127
0.136205583318056
0.06684343937953535
0.16038156664439734
0.1388042070308535
0.033198879009958326
0.023750337147229128
0.13370306042103874
0.09151982439765155
0.08724264618050337
0.038176394487337895
0.07568109879144624
0.016211253600165676
0.23549953726367695
0.040593641940781466
0.014124403703824395
0.0998692342580837
0.10120266664638389
0.06350204359896056
0.14878562242070648
0.048780964897055246
0.09514657560311507
0.09386783736456261
0.0853412148248397
0.0692639105247379
0.20303258591654083
0.13239470053359964
0.01766263083032238
0.06260567772910519
0.017202198682828296
0.198907274526613
0.2800964994391328
0.35560488661411305
0.10014745766756061
0.028262247123740813
0.04049141075642476
0.1110415219749819
0.15094951724004346
0.015396062160320967
0.10149527588426588
0.10894566275293222
0.11677132162557491
0.15968297775725349
0.13316089659305397
0.052361377621396255
0.08887896387987126
0.1043540957696692
0.16827217173121045
0.3193660751861111
0.12359612397510444
-0.0076112596593528314
0.25905640319942685
0.06658351668419765
0.09608426600312053
0.08905346932706204
0.09323539163791916
0.19690975847427789
0.03197347467697037
0.07133235111357017
0.1008215436817887
0.10723655883973632
0.15904893209385523
0.17090440487005837
0.05601426684688393
0.03339654744194098
0.12693069961898407
0.0927044401962751
0.11190308780580732
0.08508455204053306
0.056625167121373776
0.06378370657847521
0.10450217954625901
0.12574825039671755
0.18435026760224515
0.05063247329804477
0.07692390030823387
0.18352601459761542
0.2984456050687092
0.09171278593182708
0.168606560557374
0.08776363376863289
0.34104802016127833
0.036901380440740705
0.1597217550472841
0.0375247973783136
0.2120384993881979
0.0332908914103241
0.02087661087737608
0.05996576804943554
0.2677805704697481
0.048748711040655146
0.11696575195031733
0.09535131700662491
0.211143287289768
0.1296575081897406
0.11623509898986012
0.04235600793742522
0.16007165924217964
0.1597178762031869
0.12894993788307701
0.020261229659045588
0.0036177624014752663
0.03462296308794499
0.07270760095211526
0.12224856090070518
0.2579278666121013
0.155072171995363
0.08333757064663116
0.16614968925331608
0.03656051809876448
0.14014305273281746
-0.005135679278968686
0.10255141152086455
0.28647605324855013
0.11284035957039557
0.10743425569956006
0.1400068839203757
0.023912599733119544
0.13262100302591595
0.0672096993006534
0.14288387403786695
0.2795084030883908
0.04300634958114019
0.07815689571460571
0.06339454353893353
-0.011251096694171847
0.1304083796656167
0.18164521398615663
0.12323409778769318
-0.001098439378361793
0.030874796978326458
0.09579485682313893
0.03531823245943727
0.03742563482411754
0.17822026597327262
0.18470336037148766
0.1612279894287582
0.014722447155830487
0.11624864917299743
0.18137509087984915
0.06938776776410505
0.0990721867476948
0.07004076642443302
0.051533113284437604
0.14989683536747295
0.10301246987849305
0.29624449040591194
0.11460834084204524
0.044792036593664875
0.1179415556422293
0.103304212281145
0.029846638670271708
0.07426370645908142
0.09493984543705464
0.016327154231246477
0.11066165257873195
0.321385589708127
0.4050901518274976
0.11295459788348566
0.13882184102106399
0.09677285323955387
0.12425148007802417
0.00780070362290286
0.039489730641288245
0.03992953155745005
0.0916227930671144
0.12776695797864696
0.0778875822249055
0.14319153359843317
0.16578560620752192
0.062234706874924606
0.13336131612189778
0.20550179095328375
0.13406151014437828
0.06610901077779502
0.06754340689889277
0.03421416401317001
0.04470736695283978
0.12502451705765438
0.058146120313860905
0.12504001543440535
0.09454341903681857
0.08537764955889648
0.16752982098643743
0.15923218860432264
0.021745639694957575
0.05247109062873073
0.20300340499179098
0.1472446243140894
0.013045354760771899
0.10373135056219779
0.3123205275484574
0.13802731399746337
0.07811870533435888
0.11122174472393564
-0.019638875972573855
0.057269329678803715
0.14586387244196364
0.1915238799957062
0.13833532318232827
0.051026924131139795
0.05650446200232956
0.03821003054634292
0.017227701967203135
0.11345295987379239
0.12456351142282418
0.37774846992237415
0.1426127481355534
0.1294668610738135
0.0001030300225397518
0.1981437196309575
0.15490338058678327
-0.0002463768182964232
0.18261467401614223
0.13709113137791795
0.03230379738502126
0.11819945488960315
0.06140413044343673
0.12060533608097018
0.05409839110040682
0.07033622894925617
0.07031996020441172
0.09455443510939082
0.032301074194383494
0.017796246153540973
0.1472506147055852
0.17548064226607107
0.02929344935295941
0.13641734592117039
0.13238032619682044
0.32301560239605975
0.11031331350495643
0.05827349036267021
-0.027485718606868104
-0.023477207982810167
0.24493409276373523
0.1930017669165357
0.06760433366556251
0.17096810139514546
0.11442873260534947
0.09280830322614908
0.17045557686032836
0.11309526362305528
0.1439645199984375
0.32740628745948974
0.10923720553703031
0.033368147594253494
0.09666002516038275
0.1646864358681026
0.0639889471002072
0.048840949265171685
0.19787129607568282
0.12218949916409194
0.18997995128438672
0.14361897921093764
0.15425974308652807
0.07333356427057502
0.05844656947788951
0.1719343424202815
0.07639795412751943
0.08351731878456864
0.2573420976082188
0.13780545932042398
0.030941065194153627
0.2340253749755511
0.13613535577181374
0.14986492121042894
0.006730380000410596
0.12728857168848834
0.09459466421941076
0.150187003897309
0.12402520595316252
0.04176653916836803
0.007772460176624085
-0.026414543316834016
0.08378401833952104
0.049134006855613865
0.02043671350804943
0.10985448567795086
0.05093131071503981
0.25051771910610354
0.12331713834135793
0.09960915169578222
0.2335902637863544
0.3450031699711512
0.4085830935996894
0.15972263589798247
0.17949789000245486
0.1163581854879907
0.07338418361300053
0.3321612582732619
0.17676476920462347
0.1796804518304566
0.17098245984249527
0.1205285149023479
0.0740981533575023
0.08010013323017873
0.03352059140211
0.06166192334662646
0.18228812178458043
0.13005003768856843
0.09453584023882239
0.06923138927811662
0.18657064463539752
0.10386345955228932
0.05398097853300993
0.16461351083438552
0.08187874509759391
0.053931266818433465
0.021891207493752618
0.05015739652971818
0.05013385095915929
0.1532566047673154
0.13574100467191602
0.2950041619217444
0.11280384955349881
0.025356766535364117
0.13010117294874368
0.16406718788666508
0.0718875991837441
0.13432563668007297
-0.0069944968103274885
0.14958662276420687
0.02587161460184345
0.042235276648039
0.17764008455812624
0.10567046810436148
0.06961625394855453
0.05806738721944843
0.057481225005556136
0.03340180323149872
0.020522523711787977
0.07487043284107903
0.31345096778830256
0.23616859375076654
0.03579951036763035
0.09011847549697483
0.024757701556860967
0.23572863847279313
0.17285456853113168
0.12202732537088679
0.08906012906652466
0.21530322480579367
0.24733244746521205
0.17861985362629218
0.1331550992074364
0.07426370645908142
0.018497958301195383
0.1767778590146057
0.04488336965760803
0.12245604185761555
0.16054335176661272
0.13440560728022533
0.06733994470524335
0.22582204881377538
0.0382324165104882
0.05439855725979137
0.13049067083392762
0.06084290613564797
0.17212261282949531
0.042626071801363186
0.05685806175963076
-0.001409064717351416
0.15859309332953564
0.054687812224073484
0.13924097509599231
0.0049050372044811
0.07873986556471352
0.08469119670317848
0.16725978487430138
0.16681750752551833
0.16424783674304383
0.12151803586804039
0.15129642467724502
0.021992199692235093
0.10475400151772818
0.056482224818789784
0.2063593025974777
0.12994293716681526
0.08783356764709027
-0.014492760415307782
0.1674009391105553
0.1557092798184086
0.10502912210106846
0.1608772788649077
0.009089436255144356
0.11756596102333922
0.04073520661204483
0.11184000780061287
0.22364338288772562
0.0776221519833441
-0.0021601715400540455
0.19968045808892904
0.11172907604197468
0.25445405925232406
0.12252854091642817
0.13356083427600562
0.028038597611145244
0.09810920071765061
0.10800154151531305
0.26737447224974026
0.011616728515242203
0.3850127502778436
0.08574955865837913
0.10130486679839851
0.04654684356359651
0.11902381062995848
0.3286151912850773
0.09920383195927818
0.08337683138063878
0.19005401326115123
0.03242112619644677
0.02017861251626618
0.16520366084224708
0.08085323343181144
0.06893695285623325
0.08610207875140924
0.0695953857051817
0.15128426531369582
-0.006524182416114632
0.1734603637080842
-0.010098246307077507
0.027994302499023294
0.08335887059352326
0.33465104409008406
0.2222010482465001
0.004099724384964587
0.11418439928951685
0.11281192843051946
0.08791625150711718
0.18751748141642877
0.03949646936939183
-0.006537131996679213
0.1951786546206748
0.09888588653725655
0.046515663951819
0.1744090261947785
0.03936226333140047
0.09533249833077606
0.03914616202064364
0.06133161685997485
0.16654757635287915
0.1437313672217922
0.09792188024033455
0.028260918007688762
0.07028313379509471
0.3799917618693906
0.10308716908920634
0.17280257350609635
0.12218445404125206
0.022078527552622795
0.09895738131578641
0.06266777521424266
0.0937734559916078
0.05013802631300557
0.08482711764947287
0.03706180471160203
0.10352802006209177
-0.002269171684496085
0.1686487745890382
0.179299829020232
0.011758298209633589
0.06964514985421966
0.15459232992961397
0.17017831961923952
0.060247491895064564
0.09855846189093737
0.09995867598770575
0.07319814323720619
0.10770803700485504
0.12261275045557096
0.12456251699610532
0.12948370400647757
-0.005819449239996499
0.09813436776755419
0.20349736487179165
0.06372197853682415
0.11595164907057703
0.14575210178688064
0.15290684259316617
0.08238539366980296
0.055578743354261384
0.23657607474200887
0.06418302200149778
0.14159064721509595
0.40548710660157367
0.07989479969419433
0.1698546630481913
0.08139102404622928
0.020535756405405114
0.07332351423620359
0.06283667182469482
0.14251958102496626
0.09947968130797313
0.17671417685250407
0.16616225528758177
0.09357382077156018
0.10794859533919271
0.028459750523855465
0.06740216894353285
0.16642116108994404
0.1217928388187684
0.04390240865684675
0.2999395603559717
0.010840858778137674
0.1285945784453057
0.07703483641480774
-0.03239439358823626
0.1429047199284556
0.004515612684892201
0.09782072586276802
0.09709058445432217
0.011537396286258217
0.032061893429021104
0.13073098552567508
0.12287870558425651
0.06110067572375266
0.062327405266626945
0.14033602641422444
0.0440647386298344
0.005255149601231912
0.06959417693038444
0.1746212970047572
0.015906615420186843
0.0580394343708554
0.037337520057164786
0.2022449024173995
0.16219835582631814
0.14317544893652506
0.18272633341582034
0.09476880992384468
0.2782274185731333
-0.014916980390888013
-0.012833034737693427
0.07437456613421006
0.13757410497015166
0.24377055989694457
0.12937268744954317
0.09113435997482228
0.40548710660157367
0.24832140936199165
0.10734247996095048
0.1739871681737995
0.16666867396720747
0.07192105656699338
0.14569761251708235
0.1774706220869698
0.1583812241978521
0.15128611323982633
0.14005970014486652
0.012091200687804171
0.04336785916255392
0.11880207643556889
0.09452276985850433
0.4067937557852789
0.14248978950172408
0.034242453576994236
0.16873375075568237
0.05170356991688424
0.0877307429421097
0.1678275818285268
0.0727150669735031
0.10139272310797431
-0.023833698730083286
0.16796943761779654
0.14611377916421847
0.1888170326672391
0.07517563149778034
0.20379782075903163
0.017747440141754334
0.04073021585385744
0.03372524620001732
0.0734318371268366
0.16194093121922182
0.04232030139805265
-0.015339312362124713
0.11898334504641883
0.029424105160049674
0.04865878228624454
0.13597664667300918
0.24329324074308412
0.3042088487498197
0.10313548214120005
0.1463719128807232
0.11873563169524931
0.1150770554887004
0.033886040991562505
0.17208464748165925
0.17173781720495912
0.021760259371106205
0.1379640352093594
0.08145492206829613
0.048834277868362586
0.23853735495148398
0.40046611819312056
0.22051923802780243
-0.007291609391277709
0.18465119307646827
0.31678213458548515
0.1303295402083844
0.011921927696055212
0.07598296913806057
0.0739876715702451
0.17955900921908668
0.14270779561628055
0.0483713840528151
0.09763968125145811
0.07657483720228475
0.26602027533599465
0.05400897839557339
0.056172964489517696
0.05890995480321087
0.10017052718653197
0.14475748731315946
0.12752100539144517
0.06908933390250904
0.16764385566130713
0.050089146782367866
0.0757165566473188
0.06194651694028247
0.02845842299073348
0.04956373821385002
0.15897835162021623
0.16902023542461447
0.15634282914020586
0.026088600579449006
0.40515318250591736
0.0530675102526425
0.0729582029142658
0.09425822384892374
0.0758137078908851
0.04790821974391085
0.09805737906581669
0.03864271560697913
0.10333361887294018
0.0389556693844198
0.05097684955671705
0.3091252971929368
0.11773477010085676
0.14937853742554646
0.22342768411589198
0.20442745125351203
0.17944221902583118
0.16834903579962185
0.03309253021314268
0.11462573448888524
0.11256991131100402
0.1868832332399189
0.1077973171143774
0.33162354150682266
0.04128206858537159
0.06896691109055997
0.0336547855298584
0.0751470832481474
0.16638971510732653
0.01061183049123271
0.3900174896514583
0.06631330258689311
0.410715758171599
0.074566861927022
-0.0031223090040793933
0.11735629527839331
0.18701440452936025
0.10797491206556942
0.0976048360251408
0.11972704511927978
0.09571431564075739
0.14243198890210118
0.10853386340537796
0.12195170627753787
0.11335899106935671
0.018587926017055723
0.11153069480296834
0.022370889428079188
0.19945434853653737
0.05156270351921671
0.24872498808385024
0.037448973236949734
0.08090363148927598
0.08523789706339174
0.20684442606343068
0.13476813139809507
0.12781478974090904
0.11209394271623474
0.0779499747193464
0.08411346573820677
0.12762371556446334
0.11987899918691236
0.12972309210547783
0.07305615505622437
0.0983754543683103
0.12443187726708688
-0.02182807037120371
0.03447946043042305
0.19982882708853944
0.01057938170078665
0.06414479259146316
0.0688224896837436
0.014785699504198335
0.16499656459757717
-0.01233337271790197
0.15917961884311388
0.08927206273428107
0.14153942997214364
0.1527271890308895
0.13257983688425623
0.14235545029645325
0.021453825449732955
0.012576353305210675
0.3185332463454123
0.1454179869118724
0.4052101818644472
0.1255408994560629
0.046781127116697685
0.17567759058957982
0.07901653840139927
0.07643983040429414
0.06768193555505603
0.11445181777199964
0.2165788640842805
0.12690660736643083
0.15556802976658807
0.036703839968632135
0.06051979132337304
0.170341128541659
0.12496812708330157
0.16522894359396417
0.1097049281182127
0.04270355150193794
0.2749447302434002
0.08533061667620911
0.11827349495356199
0.1088252593909459
0.16675316374698856
0.11682059329313227
0.03220792164010128
0.20697932794647428
0.03237240553874382
0.004011591872830511
0.13014947079027672
0.05084657301023554
0.033975524909404864
0.13489143104105433
-0.011730853377929229
0.021862387628381885
0.0010802501048665647
0.10080825127641935
0.11358208548948695
0.35756858247013174
0.11251701346078241
0.07877259383484847
0.3799917618693906
0.08935819904433451
0.08716855015036656
0.019998712857987988
0.09225137895648161
0.07508157599561616
0.11392708245775274
0.1313517719710417
0.36436884510979345
0.15848620499523258
0.040146942238808436
0.09073321817498387
0.068523469903994
-0.03499548248423445
0.05483045982122914
0.036119795952213984
0.10704040005698157
0.0014455248486430206
0.1749978643879967
0.0706532066103347
0.11606306641111874
0.10193117424602877
0.010078832001361782
0.12214112903258789
0.0873045330426942
0.09332150706593861
-0.0024247801896264964
0.04291436501009266
0.12603161375043676
0.12182755304131221
0.09792866722199556
0.17794901573226457
0.10143102319836417
0.14758869959082643
0.02670531002607729
0.03849696865546448
0.028536532235720946
-0.0187160443080287
0.08895306013343957
0.06180017499042306
0.07872390085138997
0.18852081186723452
0.30426508451095186
0.041698522055727216
0.1396379415117988
0.13121557610994133
0.1103966945505152
0.15573037926718436
0.1281049759111968
0.11404179143896298
0.024715221832746215
0.15054076085293022
0.09948758767195176
0.1494266027530617
0.37640373514520403
0.12732911154344367
0.2011966872011362
0.14585322424545233
0.12353577566692753
0.1323646392330931
0.19610337220931034
0.3700009957434938
0.005784500108154178
0.048078815262920294
0.055793941906628675
0.012740469124889797
0.19016898473508342
0.136426188841124
0.35892266319245586
0.1318055400169067
0.12029443813930069
0.2554804675818951
0.046324162856567985
0.14524018058185123
0.1589439846577046
0.1653725053701156
0.0822128638611267
0.09187467929578824
0.17265848446095944
0.144435276570617
0.0651142312807001
0.15740079995311945
0.028499234100921533
0.004674276619727524
0.044724086700711874
0.1313922377153302
0.1413371578615798
0.09458067471602732
0.06340384044319963
0.1198565281976458
0.032139023903198005
0.11115130540589613
0.12885811392266439
0.02720181571700092
0.05462604966787821
0.06037323791799287
0.14142998608395596
0.1679445369503113
0.1103991435008605
0.16111285858670626
0.16128697969386374
0.12670202267807562
0.04221005923560733
0.14260072408144042
0.11756577462585244
0.08302415097376337
0.14670221669389083
0.06700985714755786
0.09451864043203467
0.04851961275709393
0.23181717682840403
0.04946379239863441
0.16352016176277334
0.13699613217798273
0.05052615586956921
0.1416348649251883
0.3041229932745519
0.13675385434510068
0.1438357810866337
0.15413072109519743
0.27078993868964457
0.03237102689228233
0.07883662276670389
0.13934448240991004
0.03204040699277266
0.042533474229829726
0.07988809022980176
0.40548710660157367
0.14066238231199507
0.07778692176986429
0.12926169738291637
0.024166620957400797
0.096586617795061
0.019623641034840267
0.03924624262202764
0.019440080329072074
0.054491714327113805
0.043295425050941805
0.12746954683633255
0.050901481837099194
0.17269137446346272
0.18133988049722966
0.046599947768890204
-0.033515344344203224
0.12177504870494632
0.08710292193005065
0.05580528817765684
0.11281268960759838
0.17284997035420513
0.04835246095166035
0.0391573894367675
0.1361446804260934
0.051338320666372284
0.09023835478287351
0.18713573324185379
0.08956464608132236
0.16628738265377419
-0.0008772635550599039
0.16293237942170308
0.23509099613901535
0.022408679346842153
0.24557945639969975
0.09518793384212382
0.1629912448232061
0.16830019137059993
0.14771245591987658
0.12237353528703643
0.03565279107505498
0.07570813389939252
0.23963835480426082
0.05969720516084592
0.0317078211989309
0.03135761901264916
0.14949205550622713
0.04189589604193161
0.10352972883292816
-0.0222523729734046
0.07801096499381216
0.0493948062581665
0.08315114444841859
0.06914242765528811
0.15927672447873636
0.07206242715420486
0.17753616137481876
0.10765214198425599
0.09821551792210947
0.018637576145271284
0.08104775804758779
0.09816197464820509
0.06604206161582676
0.12817616949103572
0.1084260690910499
0.0649436167274417
0.40548710660157367
0.0953857438002172
0.1311439300185726
0.021401996322077455
0.10026459078093952
0.02454882002942904
0.1400104512155465
0.38749539235256664
0.13120073853778114
0.048748967378301755
0.11668151984585279
0.1655937761195967
0.14234611375575473
0.12362172828799106
0.4093139538161772
0.1629912448232061
0.07758311169731569
0.1473786628531049
0.19525234473805042
0.10465142927319998
0.07492025910545341
0.1861929957659445
0.18812812754498875
0.05168334633088928
0.19935553852518106
0.1256457128117069
0.193801591722446
0.07271236691603711
0.08485704176999681
0.022651397340200552
0.1405054965267778
0.09033595628577124
0.10371650675444888
0.23521148830708027
0.10769069237856238
0.09487001081563201
0.3226187960396045
0.18360599271452388
0.22810552048519206
0.08217160211898844
0.09269886214896839
0.06488287089818923
0.06064773806240614
0.30088628079633345
0.06525677680243541
0.0667213489848153
0.03036174606940112
0.03893758386530283
0.05188402025744954
0.2409126526602816
0.050683237254170455
0.031377719232354606
0.0851365202835041
0.1470409946587135
0.017635569131101647
0.030740974371804897
0.051534337739843394
0.043726768044145714
0.09892111586389879
0.16222742957154784
0.06464584083367059
0.26798823363132046
0.05325637300724767
0.11551595471449905
0.16109877011236168
0.23466629423567165
0.0682010131339959
0.07833802646261573
0.12293362070029062
0.09590393060127728
0.017031142331601246
0.11135117809215073
0.11386696756648801
0.14774424035902944
0.12722258613512027
0.1400353977475048
0.12732367284580692
0.11643582990376478
0.05685119193029059
0.16311135740653232
0.06613583956059005
0.029333633974680362
0.12171677062693415
0.05204880817027474
0.04437566302915047
0.045491951740831205
0.13685270849846615
0.009082077264984556
0.1330933596524821
0.14585546211905343
0.07063322203317268
0.2008144255840626
0.22785036442061396
0.12302739016746872
0.13488860484460646
0.04016691034524528
0.05011895744639122
0.13827852278826297
0.11383166527010163
0.08368148218541921
0.24862828063956788
0.1444870445180521
0.18698997745015744
-0.008060590493222386
0.07206242715420486
0.33351648170228987
0.060376088933853544
0.09585106961676959
0.09695989770506352
0.08171187549310066
0.09412542469930418
0.038259683925709165
-0.010042099560926498
0.1590738391465592
0.10219116406192125
0.048742236789390325
0.07813692174884496
0.23527265938672492
0.09376599173090489
0.03479986120646128
0.033334189465094144
0.012570589788501896
0.05751860027892752
0.30718960758972924
0.04686821334265007
0.07992362396608849
0.044410773658228264
0.3257860199891917
0.10643031130708402
0.11584806229423084
0.10100407659849553
0.3545617706552116
0.24176277850513267
0.11645955844945177
0.0486309430923913
0.15435857881028114
0.07067025675286148
0.05436409263717912
0.13342221185166503
0.06046490480164074
0.06485312333696464
0.02637216623664912
0.03399737318229051
0.1682118807017013
-0.009173646250994927
0.24779348506702292
0.044303982616502535
0.03278932178322702
0.10301649144813729
0.16201571646491403
0.12660949546585964
0.054669567024624055
0.05273569839018061
0.07427321140016668
0.0033294357056849466
0.03175120256208963
0.08338534663494995
0.3084953328978533
0.10762706577039072
0.03702388869126655
0.10396005554482207
0.2571675361215584
0.29551473630521563
0.24104946960164086
0.04860382139130981
0.12363066427711478
0.09372980647336632
0.08036855363842621
0.0855841547812749
0.12796492567866868
0.09658672657634848
0.125464184559423
0.23711145357206576
0.10201061540575668
0.2914326917634412
0.3285204439678492
0.028991000642875575
0.1260328197081374
0.06397303998667392
0.07665306292998864
0.14749902609327248
0.16692971673969637
0.10687005459428356
0.028356922751745173
0.0253446060575091
0.16124048920699036
0.0005637559536592618
0.06837708881934118
0.038792604610365544
0.07036147006295645
0.08201059464712707
0.07676040267327544
0.08391204629742072
0.0268701041101837
0.16762276217393368
0.19602814368653132
0.11570230655105984
0.05575325086169908
0.07069279130513767
0.19805347215776714
0.19128187367753302
-0.007762548078561637
0.12018383086438594
0.09879222737178661
0.020451318103975602
0.011779275033966197
0.2345193934938502
0.01676285219746948
0.10490530458661096
0.05604463809677174
0.15013884603601974
0.2937778745171104
0.041489276716403345
0.17246526488988256
-0.02338376362058331
0.26812125020197325
0.10621097791289946
0.0737525515371606
0.08083487208047097
0.020464966361569803
0.14378184931809707
0.047694089522502814
0.10423641166636738
-0.019001836431628116
0.22310917483263587
0.16417106809642878
0.133016586883275
0.3156506385928453
0.04525828160052514
0.0709695322847495
0.0745894220607724
0.0037720566378300346
0.17731431976664336
0.07501824015418274
0.14321691136201842
0.04638380567632722
0.03767800855218606
0.08560320780284464
0.187520674940592
0.09826346438999128
0.019056287655872417
0.10753061835738803
0.08121417239434203
0.06197432121951074
0.03373888822585891
0.2473644732583855
0.175958373679583
0.019108628006182793
0.09563023765263817
0.11363220998372037
0.09945016690776709
0.050124888092312136
0.07464122353225378
0.04371144630507784
0.10242792186480687
0.2343479520966572
0.11644781249520264
0.1636691570959085
0.13476094706540365
0.17207573926436803
0.08845564812741158
0.3752263726234826
0.15425674070505913
0.04934597623402259
0.09232575722526648
0.10765610056410929
0.07876166969160175
0.08589910469118933
0.08071870771313483
0.0622365391835486
0.11241700424894507
0.027161707416150427
0.011340166436030863
0.3030562506303677
0.1415697035799522
0.032401247319366944
0.13962751134559714
0.09388149178346217
0.0866991397788146
0.015116260469255904
0.13981026563450832
0.01701808614945577
0.17476281728347842
0.11258411763076004
0.1123610826356819
0.2162362485313259
0.12582104276671924
0.10888900398987972
0.0753662038435634
0.025253174438286063
0.12765638146327324
0.12988069833970922
-0.0072861776917730325
0.032719976567030185
0.01738900999355819
0.08389160908197951
0.14054184119188767
0.31712114692553645
0.28502231206498896
0.28784441695813573
0.043166038051992095
-0.0020422661646502527
0.059985204701984984
0.07386795946184121
0.1260033496473391
0.038356421775792404
0.10123884603668626
0.22949194486587354
0.06879653111076006
0.12276447060899293
0.052679869916699484
0.4093139538161772
0.04784751889582156
0.11659866929478135
0.04375238609880949
0.06025087313147742
0.1672236966681197
0.11395000909873415
0.12286590189348456
0.13918055219307884
0.053896522871286434
0.02015207699869076
0.086131072774695
0.0827475223009469
0.1262203939390769
0.09356453529291353
0.08322452334473956
0.010742369371190774
0.07525507905640566
0.020778689576617826
0.06079928662610384
0.40548710660157367
0.13217859093168804
0.15028344116706543
0.1633847897660045
0.04245414050921981
-0.0022700451003536126
0.038489409520761075
0.02759614657684356
0.02011780384458567
0.15294539245680705
0.1759145323582953
0.05043450209959943
0.06507278838719338
0.18286979110316798
0.1340018667332426
0.05043821872106374
0.13804276244466784
0.14308180598986442
0.13402427483471602
0.35735010173659953
0.305253278228429
0.08744860630325879
0.08283021090562864
0.08257880276689533
0.1766591674974859
0.05837126170132784
-0.004552519993584969
0.09949822981921036
0.36207010660978656
0.0688050612526323
0.3157476993834901
0.07279963628028158
0.06122558960704505
0.0772617834666467
0.025193375336119483
0.10299966365488378
0.03230658454099594
0.17422318240004459
0.07220927394082904
0.04053814904094133
0.11230422824922776
0.042407801233450504
0.17536145314196233
0.13455364807715015
0.2309119922639135
0.01851459658644733
0.0293997300201283
0.013908513914809184
0.1821206314334612
0.09778309449517703
0.4061228116463449
0.051036021769538864
0.11844148746157551
0.12681060021081675
0.15954817942365396
0.07552633496012479
0.06501819749730964
0.141703764373672
0.0239966356301054
0.30150044768038853
0.12730353829056207
0.09202509629501326
0.14533339293491893
-0.04808423469930878
0.06978322472297493
0.0006743209630490354
0.13527694204551904
0.02717479461463057
0.1029500240815272
0.006899893823358982
0.0216229459064205
0.033013631179108105
0.11213668516912212
0.088544155608337
0.0805288028367036
-2.5973656154032465e-05
0.14884992804405667
0.08766741471688722
0.09136713732491131
0.06866541645703361
0.10416028125894256
0.04220840863988906
0.07598515021365049
0.10142177775198363
0.06146325085865262
0.0517344561210385
-0.0005799089104998045
0.09382107761916392
0.13915823616773582
0.06385264256085632
0.31170108660487406
0.03885606121867796
0.11402255082749879
0.029753124380311247
0.07113020405365356
-0.00651497908199028
0.06310141352071746
0.40126330461289406
0.11324302872626923
0.28293017090451905
0.12360723770481818
0.04360843674329612
0.40548710660157367
0.10890577368120419
0.06735607360740836
0.15128375378911108
0.12980382400868556
0.030964329965316673
0.1681932344389852
0.16495287459263308
0.10451650548963276
0.16910340768300025
0.06596155721665109
0.0641884877656459
0.0047360689998507954
0.1491872013216648
0.09051982533275732
0.11655125945510153
0.1696536690758731
0.3686686684647134
0.14422007002097376
0.08743404774441649
0.10143512329804466
0.026583138029404485
-0.014446391709227069
-0.0033191244012523713
0.0785414624374845
0.038644869607556254
0.0036526010005804577
0.0027081783497807654
0.06291180780321193
0.16369838258908964
0.0724111582823051
0.09444338110455602
0.13234096729992972
0.18113128791836441
0.10899978543573624
0.05471970265527826
0.19582548048240134
0.0782623442308279
0.07306368358718424
0.022446190156739987
0.16520046515468584
0.05636073614593057
0.21023227498254016
0.14808231969805175
0.06331849374154375
0.06168723203043397
0.08937364228325806
-0.011317264456172316
0.1292554387304462
0.14838923127732168
-0.011063334723436513
0.09879011615645461
0.12912965572915774
0.1095959901809983
0.11404178635857593
0.1414838909517963
0.20562698237550803
0.15565504066638192
0.08328886192405938
0.10085370823624085
0.033530929129924614
0.1109578802106464
0.033781833232033875
0.13206050135476083
0.07137882753820118
0.14381159393337073
0.28979845038618
0.05023590490973817
0.16927116262675768
0.14066559842375997
0.009010245814773554
0.27375838339888636
0.16305324997471332
0.07439810361632371
0.14960999800266983
0.12799155735355
0.06345744920445284
0.06642631389198322
0.24126057754811941
0.15577135808758802
-0.028524510678252624
0.042871940604544356
0.14977306725627837
0.04842538523831763
0.049078585929793306
0.011398621083214433
0.04734088082468302
-0.01729923592794297
0.09797753802222253
0.013199913603080482
0.029889403559968497
0.0470573955313881
0.2343471058398382
0.044900940513958154
0.17328416864593282
0.13117032380792026
0.1089546155298442
0.0647799062511692
-0.0043380307775445215
0.16552687980371167
0.06919864443213453
0.12370567366781765
0.102837913420328
0.09867189815108679
0.050736316343848786
0.05085394096039075
0.10182563890095914
0.015863457042700202
0.07664757242631481
-0.0273079390523972
0.14836675725504578
0.14846082384021514
0.07589997818321204
0.03831695411582792
0.15748808075173354
-0.01544855037497933
0.12834356794805962
0.09350769917551938
0.023851634215516226
0.023649669639518034
0.04829789028513559
0.17391081404025333
0.02875470476828146
0.15260288496167662
0.08081795599213137
0.04208435287559231
0.09955009925100605
0.08168275615001352
0.13294134176156897
-0.003049012087980252
0.32223489514903353
0.11675880927171323
0.049209470433852154
0.07704972725903442
0.035391772430764024
-0.0008465644711004305
0.05114908435282467
0.13702485477315846
0.06798276675228115
0.1389077403391596
0.11656490628032334
0.01796068203495671
0.06712268970566188
0.14003287333285414
0.12153214308679194
0.09844427052740146
0.19556179115094235
0.09273424515634987
0.038976703414684954
0.10565440863847819
0.11467967683895597
0.20532681962122157
0.1911522424205379
0.19156916022092096
0.1664009363391184
0.40548710660157367
0.07082063061593125
0.11742229518625924
0.12583577201117757
0.0010090741551051496
-0.015167525162185391
0.08512458362217096
0.025230451080265504
0.03494091388490861
0.09869150893707851
0.15653557788385214
0.019790865659584655
0.06450894854507866
0.3990643138376987
0.02491337648722114
0.1595037618251543
0.27810969529064405
0.03243195993168979
0.18813563482836543
0.25597259586883675
0.10359095660631512
0.09156828256488769
0.043999440185758576
0.0676546563076354
0.0016755196042035347
0.23522044812840104
0.09827178472915543
0.08103605971624478
0.03519797649293083
0.08114614614132037
0.11717929736064642
0.10660219023452949
0.1312209950435702
0.04776059443711711
0.026559652657701438
-0.005543779507285518
0.013057409074711368
0.10805846883811238
0.07678770119829453
0.02021280005339493
0.21760665893728703
0.057971655386390375
0.10527775131551342
0.056577444726076065
0.404963909546658
0.0608632653878482
0.009620007067032033
0.3020577171260435
0.004208956977591549
0.08991186680709073
0.09579556795912164
0.14774432608496751
0.18542928815470522
0.14148436079641152
0.13618106117594736
0.2844487540431276
0.05878877233022756
0.0471288252399627
0.021846926733512184
0.18676484011312883
0.14189786508857577
0.09328542879362905
0.05384110495143063
0.12961480683411375
0.028106145622730727
0.15195748387912988
0.09240366613088269
0.10918431993762823
0.08122795693206175
0.05439277433103312
0.17594411911527624
0.07854814292545254
0.19430055696026177
0.07261232268011142
0.06863577659790049
0.006236037449899812
0.26039188135156316
0.12112042176850307
0.11470422800102759
0.17261590568575058
0.03658958448826194
0.11459363563635272
0.1300477477500528
0.2122944869620529
0.1471820057547455
0.04614854783129768
0.09544517430770455
0.08029864596123037
0.1518650238545211
0.13855437297498263
0.15606217905306413
0.08128320943057493
0.12741305667443253
0.13346521201690548
0.060051138070730314
0.2611333859697674
0.044192689081423375
0.10118666075413035
0.07579183556419733
0.3783874345908326
0.0681026697071459
0.18522804596073716
0.08105185890406191
0.10396704410696472
0.16587791057451207
0.006129780253664785
-0.0029892938334368235
0.07671079771550082
0.009425054086162343
0.2139614826477012
0.09989412558332383
0.028226490946862193
0.07419943124866141
0.2677805704697481
0.001241746082856765
0.2478524117803647
0.2522936342295284
0.036119600105713134
0.13554940381429958
0.13179666375441157
0.26322771163700737
0.05744240499139147
0.02694586464918297
0.11255886134334087
0.11802376911336815
0.1684949023572888
0.10821037267096023
0.06993519099067053
0.2104747470754953
0.026322879054962722
0.12262457874263083
0.15602078639276268
0.07403051329386318
0.3112882816282474
0.09434573388904632
0.22143414975714543
0.08326657509875424
0.048519546699951455
0.13091298888723618
0.2318263361583846
0.06072569881391948
0.14798886292813995
0.0080618003334052
0.13517089463456544
0.08847897347756545
0.16026375320400849
0.1783594274840717
0.0987314703168623
0.07169184590702865
0.09802109403603454
0.18052768881892006
0.09244359997629237
0.08509010459261757
0.2138872451472183
0.1107711728400666
0.1065896007221312
0.07660012769004299
-0.004502825064601923
0.3099287398714956
0.058368470528597394
0.11082612880182496
7.520564011692654e-05
0.2522663373588489
0.06149562329491526
0.025880279746165136
0.02681932904976725
-0.0045871418698920086
0.05860198635352171
0.011918777209686204
0.20690360385716533
0.0359626152437611
-0.00646624913399968
0.028196677028363815
0.04479213502868096
0.009657118485670968
0.1954696276013404
0.10047698400948912
0.05810120885404313
0.0892663617051101
0.02066014452547693
0.10807749363381025
0.1163166410469249
0.05223177723976935
0.05598514155571638
0.33372158091615206
0.0680785149264233
0.03631148958616087
0.2140352287561481
0.028545089803632517
-0.027866619362861333
0.18393599781994913
0.1227122664296385
0.11155822898866335
0.04354749727949331
0.0840559387013654
0.05387411122642366
0.03698837646626418
0.07192480599922285
-0.03218801659887238
0.08971796150561695
0.1212351781013582
0.13879561615407765
0.03182353517272912
0.10687655943705537
0.040964004721574965
0.058659293446074456
0.12642873879168093
0.09506760950471771
-0.016959747647011747
0.08361636290277752
0.15042958829512376
0.043874617229223756
0.12623391195752903
0.10485696370291164
0.06685939596040386
0.01828507747571928
0.26335259560925467
0.1320637011127515
0.03746532227978294
0.11147229054337932
0.041540744991674206
0.08726292858655449
0.0818868363809388
0.08616228484406491
0.37500193078978217
0.10051894416730223
0.40548710660157367
0.11457567922309725
0.12328994296238233
0.021301968017718498
0.14069516900100737
0.08887386681107379
0.03059431919569794
0.0404075266469644
0.08089268340126116
0.07304009154262137
0.004743743522231558
0.08320746194491713
0.09237513806822706
0.040500149867918556
0.07850507003689844
0.06611972760845436
0.18694509036734358
0.017127128454012153
0.19394748087119829
0.06960632969907798
0.11501123942033031
0.05335734446950818
0.08696267160210508
0.1239646113188706
0.2764457751416798
0.006523004782144126
-0.006745578524935236
0.17837932171780851
0.03204143360528089
0.11657105795942418
0.03629467422947341
0.4016894089481633
0.12293823138131671
0.10389362504899097
0.053628695875173216
0.36435669746231075
0.06556812155809144
0.007621149348588541
0.03559567664199115
0.029304463282508297
0.15903752388205672
0.12502451705765438
0.1401712383684653
0.11140852646404692
0.026575456599217617
0.07357175955595735
0.13694776864775665
0.09627047236306197
0.08305553487482337
0.07658855735321352
0.3042006842721953
0.045505112121425884
0.14191464152222216
0.1258259072060911
0.11412742366304035
0.18343182196199853
0.054716843074907096
0.17232160059726265
0.11882575798915834
0.2605804715639306
0.14935086709914247
0.11042060866134656
0.15510968917959683
0.10204151365766095
0.19926585149412646
0.025008895114585428
0.043343137433182855
0.06032670282939584
0.15384115096671536
0.12160702762526276
0.1856268045855881
0.1437439442483393
0.08214743452324463
0.11460669014113234
0.06680500807920636
0.21204222777085052
0.1142345048483554
0.02860791721627337
0.29298400632713184
0.09521176643753032
0.17153234667333844
0.16984602206655242
0.07925934685661945
0.1563474263480219
0.07247973200505275
0.12873295998375878
0.1022576752487151
0.04170654416399211
0.015784980467363596
0.12549191445079183
0.11787150608717761
0.15457081139064988
0.029998118972187404
0.10213926717928551
0.06816601159828845
0.01784150314228039
0.10033047551852109
0.12231088662831746
0.08973845398031649
0.11967204031337503
0.06570881291732977
0.042942350166458476
0.029973509688869082
0.15627346206633536
0.159899324298569
0.26048212358906997
0.07288415642817048
0.05678625870840287
0.1237550163766144
0.16304440009713655
0.11904102658534838
-0.014402460066237466
0.09742030202933305
0.13509706631915736
0.10230686375999642
0.014977629386610958
0.02376313943707198
0.16264291413787973
0.1230228203050227
0.09150082214716704
0.03919561464280813
0.1588742334603947
0.4040853022461519
0.1921336486639179
0.17427646449086204
0.037009648604377554
0.20642870726641344
0.014257851931939736
0.0636116877908835
0.25080598476992044
0.05930618105551683
0.07802972790450685
0.08115778428835863
0.10044611903322342
0.016380602705393543
0.13157936652422442
0.15944267620147373
0.08269054186466096
0.06156346515713795
0.06152488773145043
0.26083685722126143
0.12112423344631079
0.17528939452521297
0.06431234636684585
0.2232613473047358
0.09616125435840828
0.1304923034394062
0.10518658945622839
0.04925765453376524
0.04282084142569342
-0.021567302280101897
0.28781445082596463
0.10623597932323503
0.18502783469574485
0.044527031826522956
0.2757529379631576
0.14650683401813847
0.15584357537172522
0.01840644520426421
0.013391775974125109
0.14097447216862713
-0.033562637467042244
0.02465504749701486
0.0033749920247041487
0.011021756013687378
0.030735962903984948
0.05177431672730104
0.20571132927314756
0.05624328548862695
0.17913570928069433
0.15017284022943417
0.017591365416001592
0.1405686602203698
0.10921056815412605
0.03885789772942583
0.046285929402235026
0.10679974863537123
0.28715530831426134
0.046592081101869964
0.3692820359419997
0.16478794257591145
0.15084509702710353
0.11132480499109781
0.04582478863802719
0.14339679779674058
0.15516068413370449
0.05032863225933304
0.15281700131553488
0.03287779017108178
0.0003324150601584641
0.03950863697719326
0.0014766473349671072
0.055342862101288304
0.07760353832593114
0.10885380586768323
0.09783674642737977
0.28637688400115907
0.13646598953215433
0.10058897811763834
0.10368776284909248
0.07039782596245908
0.034029721868171325
0.07338944657553659
0.02594660836252477
-0.02179721252671596
0.1512948948045575
0.1533291848360125
0.0037404368425796863
0.20718713874368805
-0.01127523339420472
0.1329860939366172
0.09471988683554206
0.06413875109885286
0.10027242017079674
0.14253622020635354
0.11063970917023691
0.11886237961594742
0.06300794856797187
0.07880510828882215
0.11425010304285454
0.2922680003889651
0.03068077361635707
0.18985298446886478
0.08173277478731372
0.16812902591287704
-0.010239908995802238
0.07212816659474197
0.00315992842447127
0.14999535443728063
0.032049992624907986
0.02153948276560902
0.1691426128102439
0.3750361269789415
0.1083227595338318
0.007801101631593366
0.02271102402811931
0.05740099147945932
0.22241006522098594
0.1156434312828068
0.1780314092868585
0.05320817421437535
0.06291894869526937
0.1277021148378097
0.06598601189394437
0.07999166791459933
0.06154343170345561
0.05668342148060096
0.2514726009098799
0.027823792434463757
0.09806367566699414
0.03077422875038799
0.14853595313716228
0.08922700116859661
0.1322252038704118
0.15948586307684037
0.12865607251927047
0.40548710660157367
0.04202306578342829
0.0363775514895982
0.045425237949060004
0.08064376551304114
0.10148924494257172
0.27660918657447986
0.0463484336360675
0.13898168676452688
0.12427084699225044
0.16643771514180544
-0.007297497106836748
0.20565466189933473
0.183967768064495
0.06981610378540398
0.10318949541176187
0.05105385800554568
0.3822667407825413
0.2588694275701679
0.08489916556313032
0.048700714922634614
0.044396591065384905
0.14738147280829345
-0.02825622502242725
0.05186902253576198
0.08898079329183728
0.13300198314515943
0.016177539165631027
0.11885033124699723
0.04095728460729808
0.13745907532838875
0.06578306598477413
0.142888658536811
0.08086453836902463
0.08250577471079357
0.13505089892448546
0.08946830674966877
0.0570668760603667
0.05359587019154166
0.08824237523689915
0.25339234813822864
0.12747274832502015
0.10890333127958046
-0.02414134301188703
0.1524710895460149
0.04254111013270484
-0.01624558468696946
0.2629488550205544
0.1943840317705462
0.037762302247458135
0.0809283807699242
0.14796294710463104
0.06915039075616203
0.07692705681535877
0.06316344970997273
0.0454363377374043
0.14369199528150867
0.18714283520077352
0.08258076687985394
0.11234039174203925
0.3491834795339029
0.18630596103708225
0.40548710660157367
0.19342152896128295
0.09576213913389608
0.15205847477865858
0.06993818197691165
-0.012622328716575926
0.12108945683430816
0.10342753979306674
0.2936463120210085
0.017765741875773233
0.044839982097430175
0.24483785681309295
0.026415127685544937
0.18213486901190418
0.09285593241390461
0.13597718614888338
0.15019925930896583
0.07371778085068464
0.09259684371484245
0.044971188549571384
0.10885087622255069
0.03896460234345395
0.16359731230768837
0.0998372072179034
0.09229294017864226
0.36289109215778403
0.02151548037858181
0.38361608616085796
0.045136428383195926
0.09661892351161377
0.037060031528609094
0.1614711624735537
0.07579280366161928
0.10945879495471045
0.04458666774744485
0.202145161279148
0.03446938687832696
0.07822049899231848
0.016714573671275768
0.29333179808199317
0.031985217143301437
0.2755863721749103
0.03140418586720928
0.050775661928839366
0.12414167193952713
0.17405408933001626
0.1821987630097172
0.11088850768681302
0.14874944221358782
0.05765385313627075
0.13863873236443147
0.10212480101228716
0.010968526208286034
-0.007488499739671861
0.008099671357308824
0.05009719723209377
0.006104688120958879
0.13867262953781162
0.005724152326776477
0.06574727307508271
0.16265478323476035
-0.013293508512536856
0.1193637173652225
0.025362800005581665
0.027928925000192673
0.15984763148195158
0.08889364780486736
0.130268245545981
0.10577960695384436
0.2369661122162492
0.15801817370239052
0.0014059593538853221
0.2182435988746479
0.26918000367132194
0.21057415859189632
0.09927431547691434
0.15141107566131
0.14884624399683116
-0.0078995233820906
0.22992738410334856
0.17129164421286464
0.03332892622410083
0.016326120912057873
0.07090525799178132
0.10227741524773415
0.08906675477337955
0.11886494652226132
0.14420486235348023
0.03577383755908792
-0.03696947318042326
0.04797971993156358
0.13271179157234086
0.39992453093589203
0.19457922362979857
0.09582070500491802
-0.011905409974341807
0.15959693052753865
0.26482023765244966
0.06153665035950412
0.06954581633971041
0.11237560113619566
0.09418598031410058
0.07108969812271954
0.031810694717248844
0.1989841020754597
0.005775942602801509
0.03530605231852274
0.02929559288352651
0.11793303883009193
0.02030818868955353
0.15991665482788142
0.08320462692503688
0.08310913317684154
0.06734819225312011
0.15394332426469615
0.20497826561115834
0.08356803678346181
0.1371945565402613
0.05149239170793496
0.22003170971172642
0.05178086196343018
0.15980343283954945
0.031803804492422816
0.16141023750314465
0.09502512897748128
0.04630024834250379
0.09676507324501626
0.1528853427458623
0.19254701529932056
0.08090013212858943
0.061156826609109816
0.14239331143624118
0.058351392616937614
0.03821041881033732
0.12180845175077404
0.1233710434377625
0.1476430158330277
0.11543453932547038
0.11309216337001649
0.08100092522054486
0.015875199850054478
-0.0006702065143679437
0.08425379725807775
0.09280363663752628
0.0712641407972075
0.1426838918785967
0.07446550453081274
0.13211210173475696
0.16165953179192538
0.06459935205011375
0.15792426102863727
0.15567767127268023
0.08044486183946364
0.03582846991446337
0.27148341028670525
0.06217811200779694
0.1727573032450514
0.11035862798989676
0.022780940832343777
0.10622557323460319
0.1593097419611747
0.12148210542709276
0.19362017450689584
0.22247950470399586
0.12259581461716418
-0.014646634977329875
0.23941848099268948
0.1043484162277813
0.19828918077129942
0.21313567886061435
0.076037300644826
0.11540666822215839
0.14099041756435526
0.2629488550205544
0.2727471998497532
0.09821948784554863
0.02915050155078458
0.2129298556980399
0.048712619281335856
0.06833002276960137
0.06138903024288023
0.006930890587838856
0.0763774637586141
0.016823454509861835
0.20678666776743232
0.1115659665137897
0.09344551764811504
0.07615815620144017
0.20387597578120492
0.1640189280106119
0.0234605661339245
0.13741778217562584
0.2687418390347707
0.0719713938611437
0.17910067234558036
0.0746343690150661
0.1212275361565523
0.06007398828570265
0.14257138402766067
0.0941307876424729
0.14902425550153536
0.0314034987812723
0.08854772223071716
0.1671864586473646
0.057905789048047496
0.05309856667594359
-0.02931024441032104
0.07884026930688326
0.11150084568645063
0.11058897950002738
0.08925990272092615
0.009241542488167331
0.013941705300136609
0.038907674841579754
0.044815550568426565
0.08536667405310705
0.09755793516076355
0.1099517870930431
0.016089999447793046
0.3569380267694924
0.048247300385068304
0.0883712216253445
0.14324117865870528
0.13483489479986094
0.027411864221878135
0.047516220169994405
0.07970452822018809
0.0759459093129129
0.14726819688499004
0.13710360815722245
0.01272007821450688
0.035970056726879474
0.07054704012889279
0.0570985387231045
0.031220845164279032
0.06297672087431305
0.08547377707486986
0.0892806776406106
0.11963406829338685
0.13905188520996375
0.07893574182483304
0.1608246237133803
0.40548710660157367
0.010109553080474343
0.1827651593318722
0.04768274149998197
0.03130130755749838
0.20603204469595326
0.20140612565319083
0.03599663339678466
0.006879315902891592
-0.02305740095302733
0.21047864801272947
0.15037165510139094
0.010708435048841558
0.08087081761502302
0.04764156729538693
0.200986933679222
-0.005067626483848453
0.03756422969241047
0.12837449522859412
0.0705696617583686
0.1699103341441347
0.10355796929791994
0.15580899514031055
0.13035175908053714
0.009564572258532189
0.07107768178739265
0.07243815658506647
0.003941025619098482
0.06550684769489984
0.058172702970703205
0.02107998902601066
0.11150821059664329
0.14929921687370495
0.16101845044981278
0.08185048364285713
0.1585297079103915
0.01729567274520405
0.11932122461779066
0.09719097011842093
0.028797579603177026
0.14489198938989245
0.14339230907228329
0.2579278666121013
0.3850127502778436
0.16818758849004667
0.07144607341853693
0.024939300790424168
0.21025605398255304
0.16368691853406736
0.1811372877741695
0.1696257115538115
0.21973939774678597
0.36760078820494785
0.31980243075129433
0.06804860515759614
0.07678939225708092
0.026206085381639987
0.09360536576943862
0.12981840871236922
0.18384498934821658
0.05131945071792998
0.05744586769445653
0.11042094816742809
0.40800920390046536
0.09534162942762975
0.3741368240104742
0.12192791561961197
0.18929465000554702
0.11407302519492096
0.066086249154369
0.07159742604753871
0.12354075169396928
0.11924514036437539
0.09990706814976508
0.11320527546804204
0.2840769878427191
0.04380472664531787
0.06756693221679383
0.2593888119499854
0.13705170108328135
0.09609548934528156
0.12196072608877889
0.21655567222320177
0.1131475351254217
0.059982723515643654
0.09839275893665278
0.004862697162810958
0.10893977232049445
0.08846483871492139
0.02244054097357484
0.16917565138189145
0.1290427744900779
0.4132378554704907
0.15982961056195233
0.1706033551097879
0.08862613515829648
0.022002413539992327
0.13515381360502066
0.09311333131132116
0.06535709334867323
0.14625422260300208
-0.011365192309562622
0.37584394801866633
0.04315408549422428
0.12182335675333122
0.0645782180994261
0.16005723316076398
0.09665207743017418
0.40800920390046536
0.324408191692458
0.06746652014217175
0.13906220023466992
0.08789085394637963
0.07223221288191739
0.17753479934561261
0.09656087650761719
0.048175816196256105
0.06130550513386712
0.08950787460297388
0.10687623230276672
0.005484049155114634
0.09922189927825964
0.022496559132579308
0.13401567976351803
0.08553216979901235
0.24666410883568457
-0.002634089915784732
0.11737157736815079
0.40548710660157367
0.024850327756771817
0.011877952064386577
0.09657648530714269
0.041904541160253106
0.027504954180956775
0.13592062165853713
0.14462773692312747
0.07591077154016229
0.14293291657880508
0.00898983363918704
0.1284897212329021
0.13943000500860975
0.09978434949561082
0.06782386545104635
0.1377393069404313
0.19613803828038623
0.1282683098956357
0.03712681974563081
0.044926967671393314
-0.03088493984994317
0.10013199898525532
0.04994292288132762
0.08171012640955999
0.29305656177263784
0.04752127498417691
0.12825092832141294
0.1397073019618989
-0.016815870259046517
0.04692894577101819
0.02467016027890101
0.1421711375051099
0.15239968682279176
0.15770223841501618
0.24235564798412512
0.2451430805692013
0.07987919793875653
0.16499936711112667
0.15852261262632822
0.13412596738341226
0.32975941256333663
0.0812073543387789
0.14969156919861737
0.08293782911528924
0.11796817496022682
0.17226282826704875
0.03309771978460191
0.11596095307786741
0.08991079779709737
0.1261607923459478
0.1633971004917691
0.016236931057923454
-0.010993508376915762
0.28169689544275667
0.002482080724425517
0.05987843101283258
0.06567218450678297
0.12451193866125887
0.25193018648240645
0.13669670298732706
0.12036033991122497
0.07059934654820882
0.01178490933066001
0.0728876504377377
0.10636972599312816
0.055342050911912966
0.263029943855578
0.1377518626542923
0.19872699555762274
0.017281398617136234
0.048651254625241835
0.16427054918114253
0.03632308382373295
0.11251701346078241
0.07223644793308692
0.08554340105513453
0.051504435159287654
0.2216002858378292
0.09550194705339943
0.02000657617098256
0.02139906599321939
0.09636465973234937
0.09836718718134774
0.07710365505474054
0.042822543097295995
0.2043214128894249
0.06394742136863368
0.1553900532150787
0.10054522146821193
0.09270967086937798
0.07531200991809223
0.07907518304693933
0.053096878035625183
0.08867360748411274
0.062092556264217946
0.1550877835561128
0.11281755243061864
0.060762247646536593
0.05685002311549181
0.08655180249468442
0.16627561573779515
0.08763448180504146
0.12136327031883254
0.11000142006122482
0.12490720971163322
0.06918539876803864
0.15523456224307225
0.11114297193557471
0.13668068411015066
0.037106783474897154
0.2268676431372072
0.09218047803151042
0.40548710660157367
0.14915155873865926
0.1627267402332525
0.044373654158498366
0.16185671294327542
0.15000242570682482
0.0347541391301216
0.1703778321517745
0.25398655353950966
0.17265414766896253
0.09357884797507399
0.19148844204385063
0.07258556082647472
0.024553661133729754
0.1873493229602589
0.2056127561606848
0.11609005178135262
0.06713111248311232
0.09855467756550695
0.10019381807805877
0.03579951036763035
0.1667172750395704
0.25077641471364553
0.08763243187560871
0.11701598504609989
0.2560378847629649
0.0923986140992008
0.13426366266209744
0.06910487514201202
0.006184269203482307
0.14557345785880055
0.06584150815860013
0.02984662634453733
0.19753246971560667
0.08477813422797859
0.0923168341240741
0.12915642759092633
0.08239608683566518
0.13209121255600753
0.060730651758677756
0.18312417655920304
0.045732139374348224
0.184808646822559
0.0481043766713683
0.1721260494301849
0.07161218117707152
0.08169189411108624
0.15843932613115336
0.1263561466597955
0.3798339746165436
0.0393635801573638
0.013220694988968495
0.0685206983224051
0.04948712395410171
0.12615715454966264
0.12664278797098993
0.40800920390046536
0.13481503542409456
0.11132096170397371
0.21801644647997254
0.3137922563083916
0.03832414251342903
0.00862992891674147
0.08261397090077255
0.003706090420761199
0.1478970397251168
0.0708400003761524
0.01674218074251088
0.056748675187990316
0.1241709917112464
0.0683942503152648
0.15959312867683628
0.11692672301800894
0.06754710607876224
0.12329781533619494
0.05918431862836304
0.1778607241907219
0.040453172113589175
0.11454318538351971
0.24129378507956628
0.05963162608522271
0.07386738503492263
0.04616072036912128
0.14331427141634712
0.1098940043498483
-0.0012517407483054743
0.2341282152566
0.017802166545452136
0.03815386979197144
0.03494723543756867
0.12402818580427716
0.020761308945269452
0.04206208466425543
0.10297751068102384
0.07506771608196006
0.12303733603286388
0.05488673975515124
0.04925190006759489
0.11728385593475738
0.012538614032605533
0.1512734188596948
0.08763851206148254
0.00694670095360439
0.2982315500923801
0.05972826565201372
0.13299184216343707
0.036740296194198496
0.1782625058283584
0.030097084306564548
0.041380604545156074
0.13150217270844222
0.17949437945349117
0.06451548364590337
0.1509246293878247
0.04404069013978096
0.05386614972253051
0.08697463351778056
0.07373795256807392
0.12010101663266093
0.04291087120022663
0.08794599431708006
0.13791559753189037
0.1357522020757288
0.14150389368942679
0.14210696461962202
0.10139303740059208
0.03512136622944373
0.055137452903401385
0.08994497474579527
0.10881162700215419
-0.01949248186882102
0.12601345085337623
0.16145408672895067
0.294219480123471
0.08331735545643498
0.2933000402542142
0.20531735830747588
0.031557964303745356
0.11070770978554412
0.051412721343451206
-0.0105205228812571
0.052159491884340825
0.14043292338892338
0.24277249665857004
0.2145089379050858
0.22400435816998687
0.05780193773925574
0.1165567747312744
0.16475061042228384
0.1980968022469482
0.16095466434310146
0.1744908922013642
0.07057317176030575
0.06723557803199942
0.20018738008216713
0.305912989093928
0.12850802731751199
0.065529217815671
0.11566707217230882
0.1293140261467699
0.10115949590738016
0.0727809672273596
0.04457779140226753
0.12241959315164808
0.042147105928409645
0.11591762707575465
0.03737108054194427
0.11040527263521371
0.0732819745239599
0.09702191762231627
0.1947342375733585
0.1485121291895003
0.1300034045603754
0.09647298562722811
0.07224512220966123
0.2597992492439969
0.06253579641082846
0.09352092667113776
0.18649518304010732
0.2030782858646158
0.17011751673426995
0.1580559985875858
0.0662998387622496
0.04978444440912222
0.06844184110132645
0.02104416003681725
0.10835721322536501
0.03744702740349298
0.0628141275619089
0.0458106093427369
0.13993026659784547
0.12972050241673944
-0.0017496268817377425
0.09754197235969181
0.1216004588820343
0.0015930854937420968
0.17501976316358991
0.06595377619444398
0.0707305085120013
0.2573146226379814
0.12854936345189505
0.09426708726270216
0.07000941318616022
0.059484940282580445
0.10854134364521467
0.03393030425301097
0.08724391829107431
0.21203195818889614
0.2048817100651698
0.2114165822966264
0.15600534967839386
0.01862276273763963
0.05793024347022102
0.057373326487643816
0.06196040434302602
0.2427329251189565
0.08538005659451553
0.12739210783034316
0.06061385974575079
0.14276186268371488
0.07938783838608943
0.00438562680042226
0.020865391947521572
0.16084624223159505
0.028943910088505276
0.1386693321873722
0.0529392052762071
0.1828184456424779
0.07681087984051599
0.07914215729218899
0.1629945076830615
0.11687598807408695
0.10675192594039717
0.0037617546800793877
0.05458316740618374
0.10700612294511863
0.05731176412021338
0.07750842459904295
0.30236601564254034
0.07423389944668024
0.044816473386183
0.057789637618874234
0.25656128843014353
0.2643348252201338
0.04793512001254868
0.044888631514976574
0.008194278696634638
0.12952343169159686
0.23617550015064165
0.12182335675333122
0.21144875873423663
0.17862351793161202
0.13697165343397966
-0.002860969981211159
0.02640613476950432
0.17862363858221553
0.0672953447107682
0.20194550145373574
0.23727386935768252
0.09719479284818316
0.058533374518519976
0.16199710202366102
0.1252647295135163
0.053188597684659944
-0.025952988412389355
0.14743692799062003
0.042237350783661476
0.04400886835188028
0.2547657690173212
0.12176124001021776
0.15621170423713376
0.2881301666415579
0.10893192644949717
0.05789378206533019
-0.02706036096728781
0.04528561905340378
0.07311288389547521
0.1354367521364469
0.12264606748979268
0.02618891938502521
0.04679980812749562
0.04513208981853323
0.11228762951304277
0.004389370455567865
0.1207527493175109
0.017831624481304265
0.17861098985667645
0.018117411961546204
0.007131021551803951
0.032913399499899076
0.17696357125056117
0.11471405517881061
0.08649795361067103
0.016496348226974877
0.1364843433806528
0.12916980536457706
0.143959332111541
-0.014141415875151997
0.13556222452245542
0.08765949253953254
0.06909790969258439
0.1784137935867161
0.04224531966937456
0.07805782268402717
0.14757349801297748
0.15660603227170805
0.07398975225516602
0.04226644843932337
0.06210562179086376
0.2618486899919358
0.05988008098932501
0.11572821558432184
0.19539960292364905
0.3261466766529824
0.08383321734895088
0.03956404649208656
0.15884193241454353
0.04728025246875783
0.15888619215063826
-0.033687642879196344
0.03905858139915419
0.07852625555346832
0.13161962661685267
0.05486170531440643
0.10214028135410996
0.18927029621197705
0.08742165274992836
0.10031602291638608
0.133980094792518
0.05765018360844032
0.08255421669990615
0.3444014368061405
0.004169583434359858
0.35033216042160503
0.07806701971160074
0.07212091620576627
0.11352956824524668
0.054614782108318716
0.09011876136017155
0.18747152155466118
0.24848988706038172
0.0030084311892968896
0.14289574983996312
0.006334260857661811
0.12661798119088935
0.17746237432902562
0.09857869250975976
0.13776528239244373
0.10238413295483445
0.3064268986440548
0.010188458216154883
0.04407925385259098
0.13051581340172963
0.129896231753455
0.13871303246951439
0.2502085675763703
0.06509018020836921
0.13332692211362568
0.10080778680011537
0.07094369288426111
0.11284421649214049
-0.012160165980944104
0.14521170795358224
0.06342678214665332
0.08939962578588129
0.03738113474954202
0.08191232829596479
0.07253794593154927
-0.002757991419036432
0.017743936170248054
0.07182789833399145
0.07384898097240755
0.07384942083225421
0.031036277651677657
0.03895796657175288
0.004884554509851091
0.040938018675294396
0.048026920905223425