0.07234965598014187
0.046037595183401114
0.06263582845643106
0.03239163626188679
0.07283208062342461
0.13592836735519903
0.1273381370271151
0.3015931888457114
0.05002427510125834
0.09643807201863053
0.07627107328803395
0.08267070264144794
0.0614893693909116
0.12918785405758293
0.07768580494847216
0.00500103289077386
-0.018514154411148065
0.09679057115506529
-0.007093664486976625
0.05186918918656791
0.06823031109230915
0.023746120334745935
0.028267899960623843
0.0665783525027287
-0.008720681796619612
0.06363504870914727
0.06284807471661602
0.11042589870083774
-0.01829438966071434
0.3256393428465575
0.0054093392964714715
0.3953321188462627
0.13250541246487324
0.04921376848557907
0.09827146731075548
0.1506884138449322
0.044324374508028674
0.140318235488067
0.20061927177396344
0.12006205028745792
0.03020898647872239
0.01205123887956766
0.09255921236664211
0.10816118578389894
0.023016330005856733
0.12026124269713323
0.09261043951177012
0.01787260217154718
0.13068277800638817
0.11111885941742533
0.03665757894439109
0.11185946305474209
0.013925750092163958
0.011469401527687828
0.028327131699981023
0.11796607599217857
0.040268691427338243
0.10995393350610488
0.2686627119499417
0.07460454315231563
0.05266542045258138
0.07359619831518727
0.1258845452306433
0.06897008243515451
0.12369179530285024
0.3405952619422159
0.0591819214313854
0.048853688914843985
0.12793078778243006
0.03381006436353318
0.1274002279431556
0.06104305044888397
0.17288916493934364
0.07339685196120643
0.26664947166426917
0.021489234648079003
0.11186204835422969
0.11541311581729313
0.07026633204883515
0.0633974372088083
0.1245323397694465
0.137504293988019
0.13147780761341493
0.04435069534503788
0.04252309726608777
0.23688582837912053
0.3953321188462627
0.08792172563986272
0.21208156813646906
0.09185545299323522
0.03443039811799686
0.10352609024290832
0.12418297722631827
0.017083361717429357
0.15911840107204794
0.03295456833309096
0.09013160981763557
-0.016558644423379787
0.0068151349173115605
0.1275266459553545
0.12574711975622
0.05256781480890188
0.025899886819691242
0.016535293838153164
0.018529403172773296
0.12617263874276669
0.37631522316751403
-0.0004172125907047075
0.10729786453160967
0.042338548301095125
0.12614119217396058
0.23112948440412795
0.030839738484945756
0.3208750004488195
0.12557871494661632
0.022798889814664103
0.006427996312594053
0.07206253890885933
0.10792559153317871
0.2393215855666369
0.028362939367829854
0.13488592615966638
0.045296366707017144
0.1304235210939247
0.10768995091637529
0.012547095144644582
0.05361300404344038
0.1555422098651435
0.024857093240622574
0.11116640731515365
0.0718761878720543
0.1557979596885345
0.08828304673322546
0.10030056256489894
0.1574689801211555
0.009070645493131246
0.06965170891296363
0.10799282374051467
0.13550206980714768
0.1295693659728942
0.08857558900568291
0.16098593928571386
0.09026769482068997
0.12964956284912743
0.2616590566389745
0.05173714582267713
0.05537804707182037
0.03772105063797748
0.13182469580755252
0.12569376350224065
0.0655673551477296
0.15587431595957035
0.0699463929159913
0.05015326456860025
0.003364654454314664
0.11224236184690661
0.0799555837346052
-0.003894207971563368
0.02090194512469068
0.09457188579343828
0.11358632758867332
0.10408313365175553
0.07923428021719109
0.08146871939743378
0.10136676144923223
0.24205111013234176
0.11384967713213895
0.05249553963521891
0.08025961975735463
0.0906149747781177
0.09270110163860629
0.14523983756312614
0.10668241097659409
0.25181136336499726
0.055159753841622694
0.024435263835280607
0.02866824810092833
0.11189032920775327
0.08209943859291946
0.1248061567231119
0.08570684283177588
0.34753360497495794
0.08342178749335571
0.061603901742702805
0.001991132702159004
0.02007298448615724
0.01899605292003992
0.012694043391490661
0.04138389277371762
0.1202878948681062
0.04818031241454218
0.1386510512457827
0.23408797078327415
0.06561269989765817
0.028133413602424495
0.013783230935033974
0.0013513873291580714
0.13719122634520658
0.03140073294094142
0.17453177001162967
0.0717491870707721
0.03588911196750222
0.015382312340661175
0.40230798495818615
0.2763803269234165
0.08024211058122671
0.018736907756561394
0.10361944055336592
0.14987220487547914
0.11742598000421389
0.027676550646866693
0.10576967887093924
0.10139426898142995
0.25770207517792354
0.03224157904305497
0.05784388032458937
0.032997393712376144
0.09713865778623149
0.08527750611339041
0.12708617206149708
0.01699731116676706
0.040843547487248166
0.04170235990079546
0.026477457985480568
0.04755561679516057
0.013699219787856598
-0.009047444059166188
0.09866344398945293
0.19884152613838446
0.05483985888134896
0.06611538773244618
0.0210599030720256
0.0431870030775387
0.10147174252380547
0.02754188033068422
0.09780387454118061
0.12713514449354563
0.24453654619856124
0.19951682713819963
0.03265873293075877
0.06934651776306061
0.11644206183380806
0.12467546689569992
0.24704480966268527
0.26058084185210667
-0.01792189512110648
0.01591500556406117
0.06413990525207408
0.27416591484531944
0.009711777111902298
0.03682011526551915
0.11444418372423726
0.026709472767964704
0.24609086235234434
0.12816703482666603
0.27104335168795285
0.026875021611011685
0.04314704022395072
0.07094657992751152
0.06919580803531372
0.023577430526282972
0.02989548134670822
0.03296479420987508
0.02852498135595427
0.041621620244956636
0.08608769710005365
0.04773725982815685
0.13476196818355124
0.09449126772751387
0.07430003696378557
0.12312687924889548
0.02593547674854957
0.05735554692694561
-0.0009448988799776181
0.03211895574234663
0.15238464850845146
0.12480017744579208
0.1726192496479238
0.05016890317343159
0.024530211045225514
0.10765163997511973
0.043560208609588924
0.3185865266188554
0.035878993467298836
0.031307653017097814
0.12343672767867708
-0.007704719221478529
0.001301664411905934
0.06248100967853393
0.10024706903059988
0.12837891718918848
0.04249397025914059
0.13013325940614356
0.3192655017087943
0.05714833358510374
0.11405772093746247
0.04955377487331364
0.11031667685586061
0.06057016611678284
0.018859168770209933
0.2850880243123133
0.12292063283955917
0.10902393710815622
0.11717969680601953
0.14453956858014994
0.08113990882324662
0.07378966479414945
0.11389502135116042
0.01723531567215597
0.09813359294907198
0.23068608292157522
-0.003218050996580457
0.17621669225089526
0.07986462693557006
0.10452303738132562
0.05737183324097561
0.12540684632118942
0.047393347630437566
0.06576574217692444
0.18207363797630427
0.14026490670805225
0.11881023920308897
0.07621122654612111
0.05990908607933709
0.17785074226939662
0.1294432327529721
0.019679610213029275
0.030540577993370788
0.1418985044156431
0.10458594854886599
0.04241300871139281
0.08417200707227185
0.10013287352290323
0.009287605547968703
0.03307348446617092
0.26946733815499985
0.11783431499954622
0.1627490599088448
0.16037245822773577
0.10320972370611375
0.06343703798225253
0.07510402977347991
0.04394845288136506
0.017678193394904507
0.10819188929796342
0.09315497420986008
0.05104826510247101
0.009925572782730263
0.1745963381375824
0.11839497500730861
0.05723974966131101
0.14265647843683193
-0.021853607692014665
0.11758395967829471
0.023678560386928615
0.11787903999876648
0.06751691592202952
0.04278046123279999
0.08836150059454934
0.10063153377397915
0.06465847079620157
0.22171959653657514
0.09695279045607003
0.07231083946640265
0.015909903388814595
0.09192695260047151
0.04399749139569148
0.06903778312761122
0.15839468600491596
0.09976219543903053
0.09414413534973298
0.006806423895774849
0.08848525717620703
0.39173504566336487
0.13931010127432392
0.0025921121896129717
0.06914507534434383
0.025349709841465784
0.03480962080948269
0.08344591582251837
0.10313757946672614
0.3657962545474525
0.11473149415126027
0.02132655841872827
0.09133595671001132
0.032911430592309
0.18294962359937805
0.06845511357748074
0.27685011199826765
0.03776944662824361
0.12579657540365896
0.0977547715091448
0.03858135726842371
0.07862001380146555
0.05055355743336898
0.1893773786022398
0.07464852750995038
0.015777482945860122
0.12479340691901131
0.012555653489648433
0.09018633449824082
0.10734807796889462
0.06141945238503599
0.03241900907854617
0.12427614214765564
-7.158549249042245e-05
0.11333461911049997
0.1099477594865535
0.0040470650625817894
0.07071392631484119
0.06039532388193258
0.08628967255142439
0.06870462006557843
0.03739048442085291
0.0563503607276537
0.1347757247839082
0.04859977589076003
0.1345765102935263
0.037187812356100025
0.07052793410107405
0.09819356206570856
0.036615545433691055
0.08613380002681442
0.08354034267515081
0.1359325454729201
0.060565454171300104
0.14371987633235817
0.2297094792700673
0.07760572907923025
0.080374776469192
0.08416161718898052
0.29493122363191565
0.0911088766942062
0.127047992098217
0.09240899972374328
0.02881259064852354
0.0905969594568386
0.034963561054917824
0.011810798774477105
0.05141282950704501
0.11993400676557231
0.07964581255568565
0.1924892110471066
0.05592135791092606
0.16203703566912797
-0.012959903288498165
0.1185923355827182
0.11284599028639286
0.28323284487225453
0.1171601053477872
0.04345216738060398
0.09282275362276693
0.14131567847279491
0.3953321188462627
0.06237193756187004
0.013447514792286841
0.08229987532054123
0.1259919227222165
-0.0066049127369327
0.018326263372737295
0.10623258085863169
0.10727695255540137
0.29428843086938883
0.10790227706744848
0.16254492415159438
0.048593731884329194
0.17630455684070512
0.24226340035292632
0.1099988354282726
0.07601384386796217
0.03793917634408911
0.19981924494845532
0.05206596147484194
0.29685794768470253
0.01953747115606813
0.09819033969614516
0.040879700774426486
0.2255878901629449
0.09741750458136
0.12676689068988983
0.08268705864219567
0.02024956471288558
0.11485671894347838
0.09894993200529795
-0.006855805838562934
-0.0004799024013121822
0.04288792492773824
0.13112925334343
0.023327763345651453
0.10043112513286945
0.05230334553324528
0.03956582360073352
0.2274825957794696
0.06740778911277101
0.11437489490127462
0.033629837247301675
0.06122887088693857
0.09755029498928486
0.07161752485254713
0.05744425933308672
0.04876117085981224
0.08601581706927702
0.02119154638184162
0.05727266356851024
0.051329567748736094
0.08898839307369061
0.21516538645151867
0.0955885722521348
0.12094894445037507
0.045433211733771905
0.0866860736463329
0.059055513036401386
0.04040475980289654
0.08125614869560671
0.052342531851074126
0.09230784875327763
0.11761127883005201
0.10090210657324028
0.045049628793288055
-0.008317505474654319
0.1755629753292121
0.0919155673356905
0.3589089687047958
0.1687954531025933
0.0624393357363483
0.017250640428151
0.3953321188462627
0.0024371919520754237
0.09567083622231781
0.10354820200939419
0.39173504566336487
0.12262552998631898
0.05809573910398025
0.025919167636087093
0.09860218044375862
0.30562063169965503
0.02481088271062659
0.10789602053363545
0.17493445219672604
0.12621363906543798
0.14036225367800736
0.23787605708044907
-0.00708469758857827
0.16632940308685257
0.07101818674987453
0.11167758062748512
0.07560439111822881
0.1958711589503878
0.0885329519955052
0.023940494057284156
0.029328442852634418
0.15819099864488895
0.12070329338542024
0.15694731471158585
0.06791742528144956
0.1785146702761909
0.07843834995027282
0.03457494894222218
-0.006423481350152582
0.06432488055501073
0.09023859970511522
0.02577620901278327
0.12914867492712906
0.21418269060336959
0.09697722252890245
0.001549878327392562
0.14349507662410826
0.2054172995431668
0.021688633264599133
0.027568324001745304
0.22449692052499737
0.08803308906064611
0.0517254272810338
0.08899115574044592
0.1682968539535214
0.05113103788432982
0.2096765341950525
0.3549540630947062
0.06735540438497495
0.16381336860110507
0.08064899004520415
0.0718357771240033
-0.019110605491000854
0.14400513897444034
0.10230226048020447
0.14779292109838216
0.05991296888552916
0.1524348707328521
0.060694523751507024
0.0021009416507006273
0.04967224157337563
0.095919452135806
0.08615139656267973
0.11195107214852801
0.06023971542886242
0.13820091612134605
0.08666623554519937
0.10565701979452446
0.029245038992152084
0.3657962545474525
0.08846712431184295
0.01094359097138714
0.027264919723688552
0.0019196251525746
0.042320685291987736
0.13499586625834947
0.26633256641152775
0.15680023851133618
0.10777746203004673
0.0428456280087513
0.22731124175491618
0.075738366681176
0.11040704952009966
0.07154988221516823
0.025435107911729815
0.04277125516520058
0.14791466909113177
0.11360131693278741
0.06739837210214222
0.035124135554927216
0.051501797268222294
0.0238373402267007
0.20127572549843764
0.06142915412554223
0.16326680052548503
0.03257590977463465
0.08302032813022858
0.12529968998662488
0.10822755469807971
0.08221071278867664
0.061470411714261375
0.12305758360704322
0.11192153714826658
0.32558323551755397
-0.016605282175704006
0.2523419402681599
0.3685838251634176
0.2801780517707486
0.02675529001842114
0.1506039269802958
0.10287638510707126
0.24703605567014125
0.03739267104620814
-0.0020654453910684545
0.11425345232844086
0.09941321697254324
0.19729551915818794
0.0907145478584927
0.07164575088866454
0.0322086374804928
0.06003022181548573
0.10477915874797755
0.10416608668610866
0.060267506393057335
0.078139782866884
0.3653856466378133
0.05138150333739222
0.09316854406028696
0.05009492430956325
-0.0037763746995272407
0.23884787118776135
0.0662178853313321
0.10190366342465029
0.11787833245460994
0.054695814064083026
0.0739367313078404
0.11101036590818075
0.17501875805080835
0.1440965849050938
0.0012929431461395358
0.0812135138029022
0.20681234375801733
0.08840490245392663
0.052894010761785015
0.21144419633392048
0.3528051453682997
0.08922015591817828
0.0901065851022011
0.0024281638534439653
0.05049031165228551
0.023791283648026296
0.11126997726267529
0.16268864329635435
0.011607812849894206
0.07562346582961799
0.03259685091307357
0.1001189174754949
0.011378252005041278
0.10012399940145311
0.06979734349330913
0.13465848211822778
0.0329420658814914
0.13520803599372494
0.21151242834088513
0.15190854851684377
0.16238190101206945
0.18890935620288307
0.14650867121806072
0.08821549074234541
0.08696604436689293
0.09829962297102052
0.25015001050152147
0.07540816064788436
0.15560598881719362
0.3511306781578561
0.1430254793651911
0.09357122376549132
0.02771606725845588
0.028571449470568833
0.10536226581973779
0.17245530088405797
0.054803119948001244
0.06769674121827046
0.08430266764032984
0.005907748278475233
0.052110692461468766
0.156214045793845
0.09229938547909305
0.1085177858619426
0.04110991317378482
0.03471436710072934
0.015039296832429438
0.018817481318585016
0.09219429808332574
0.01369658744263702
0.12522927259748845
0.05556494267544726
0.11885814855276705
0.08110747563684662
0.1218131631654305
0.08440206781155635
0.05253489661118904
0.1581091623450393
0.12163346393934205
0.2639362436012437
0.02555944535002669
0.023882846881058017
0.13949198004082036
0.03586292416355025
0.060492699586708054
0.07374328256268398
0.06882899986331964
0.04792705285947796
0.034614648274859106
0.06557765822875777
0.10029889274025106
-0.017260605444260335
-0.0011028461777891074
0.3953321188462627
0.11696042938398993
0.166423312095277
0.0737790252325331
0.09825025332918097
0.12292405934675227
0.1493223374214656
0.10133568250045077
0.05871769506608793
0.05918107932427369
0.06741457500948084
0.15692769932692646
0.1455138516461652
0.08086066681425597
0.11774535397673641
0.129538590594719
0.03578259090690916
0.01684273043667417
0.11012144284017011
0.10599185986037657
0.2933860385740781
0.018490151874228034
0.0367572215473691
0.06203721242428445
0.1703187682370464
0.11634287509729135
0.10254466497967663
0.24063465139970008
0.3584267444858056
0.285009294460583
0.09386494866778272
0.04430995758255435
0.0063157134699827755
0.1492557400865796
0.06485430601906272
0.13301770742171493
0.37928369195597905
0.0008499193553156426
0.03316610474175363
0.08167352853985682
0.02252414103718864
0.08182467558352352
0.08474407970456543
-0.020586408865209405
0.3831046514942017
-0.01740901705408121
0.3953321188462627
0.07646744405505901
0.0647683881156037
0.0284860988950843
0.0761868557102548
0.08370647568224382
0.0891726123606219
0.08527715421015641
0.09829014832969102
0.09970560123420341
0.19791539055734292
0.03515746491490307
0.034965713311387814
0.05458518124609629
-0.0041022147947377685
0.08276802678108403
0.05687303006940081
0.07209360128879366
0.09158657504741269
0.036123938126267796
0.11526826196647533
0.11110123379665998
0.08958929880115635
0.02733954653778975
0.02154445115054132
0.035720249949762695
0.04142015037643276
0.07534487404266393
0.08110953093497897
0.051600703549021354
-0.0007534012734917717
-0.007796288436776488
0.10067490780186017
0.10928823403795257
0.037271826602330194
0.011217591212591804
0.12130849417221795
0.023265601489370402
0.14086400138122207
0.03419106995171994
0.05656502561719684
0.040367316391419716
0.12166775045329409
0.16963782721655735
-0.0004851482739842705
0.14863509818211862
0.11102875883966296
0.022780651147858266
0.029481322997483517
0.10699130774551535
-0.020526200901522462
0.06031434938622693
0.051023524976103796
0.0338058591185223
0.03415503219884064
0.19725300071208057
0.10677466712526668
0.06646064925959616
0.16584038128171913
0.07887749336801142
0.06206869772741863
0.0856877252908631
0.022001693498897246
0.01956798195987486
0.07677647151757755
0.022809451383532076
0.04629782778404312
0.03212274665706272
0.09470875473084156
0.11744005501282118
0.10379033068810817
0.11027696228907302
0.08124812185536262
0.05070845079710479
0.1252374997080773
0.07245385686429412
0.0660991889766267
0.05448000132564673
-0.01953916567401931
0.07353064799178838
0.10987005132503952
0.0828095409214652
0.044086337294613254
0.17012502333359303
0.061922330244268964
0.041340013370834816
0.0938809183557931
0.3700425459717598
0.13554100443802108
0.12752369545659553
0.13113282485723898
0.10018916201281713
0.1146314762460916
0.08855299800727162
0.06484236843632019
0.10853513384827318
0.07994254208727619
0.282527253602735
0.027071050008485975
0.15358979149386998
-0.004524818476975168
0.16022903546941186
0.09909536388152579
0.0647241310812478
0.19264626324811973
0.0828790915423876
0.013720562951841653
0.16304220287664994
0.014675509270124398
0.11565547819351285
0.03742441246485173
0.13532996657807578
0.21556035135969343
0.05522065887517602
0.13489939041295518
0.23239729878857024
0.15278623339906705
0.09003538349548107
0.017743358169361012
0.08969424055439368
0.11993741588174106
0.14312779662597103
-0.007405975950407595
0.1505609692138346
0.14236219508967057
0.1543301948025097
0.10666582211026104
0.20962373010933405
0.035961700615413816
0.12795622544750457
0.10269286707214476
0.12181072342986943
0.11102691888088717
0.07706628870007981
0.017680072409206438
0.13235263383479207
0.07369792886861004
0.030432036268316365
0.10009397259398295
0.10309417827931372
0.14566714681514498
0.12758833108395568
0.38152274692290933
0.09035290936964141
0.025077279321491563
0.14915483011428216
0.2824849684438543
0.1481451529968475
0.14627884078287895
0.09155087140257567
0.03261034281329572
0.0780838663958508
0.07550783228993524
0.10995398235146892
0.036413921949960404
0.21108476412263866
0.1073223110762489
0.09184745149669682
0.06878582171462294
0.11981700852725913
0.0577487847797194
0.01407566162242846
0.04319774371482954
0.04853591706803445
-0.007989353163050272
0.1628778690233586
0.1680013300624133
0.05335398376492073
0.38512902902109003
0.023602426772338925
0.1353399831649682
0.023350618571294557
0.1955011709199097
0.07761353515777752
0.10362331375608541
0.128831279413617
0.02616721021371088
0.15468636321486035
0.26496628798153793
0.06194839767827698
0.07340918454860601
0.09817009877029809
0.13853981917555014
0.24878379098452302
0.10547532167796708
-0.006640020850292361
0.0378165036034353
0.1272519404586815
0.11936433710723415
0.1510467212827139
0.3636457798497893
0.125356129903905
0.05797487573810223
0.19044459602462693
0.09007570955857086
0.10534314366038983
0.11991758496580363
0.08619511024229409
0.101317519101143
0.10876975390199628
0.11836195381387676
0.0722903792673934
0.08666629004662885
0.0498953699414833
0.04673614320094416
0.19600508359786617
0.10425379316208866
0.09567083622231781
0.06148881193886535
0.03253009596082512
0.18024724825473704
0.18962271939210928
0.05290733422596389
0.15072914891526856
0.21573073368311302
0.02244338875391033
0.2021067753134252
0.10406028042079996
0.138490567580055
0.23349450842178832
0.14329311686170215
0.061522839736629975
0.10884735863447165
0.06055790711970249
0.09085171772334444
0.047460461792070696
0.10933337538436988
0.0442108711861261
0.05939303910112109
0.15924320115792573
0.16892369362737847
0.09229181591771457
0.07555282319138135
0.13632317397212296
0.3990772733221602
0.08950663794891106
-0.002807152729289164
-0.008183536760636934
0.10891445223594115
0.26386657945068265
0.2751627334153294
0.40230798495818615
0.11774115156366055
0.09259243658140753
0.0792456956770235
0.11981388576731339
0.18438293322570104
0.10878688517327645
0.10068139293582007
0.07768401340296388
0.12556804081624956
0.11704703302888425
0.0773095772279605
0.10631298705482722
0.03942312772472223
0.06367067522582526
0.1456619462566811
0.1132211595235984
0.12017411418879276
0.09168909228128402
0.06318172426465501
0.027038331642085356
0.13613933045568577
0.07818782888296538
0.13682905808073614
0.03748082021049792
0.026267051578362344
0.08077971147334184
0.02500070596890297
0.012588399809797868
0.03423825149718773
0.12051567619927589
0.12864567973163488
0.12676167182572812
0.12720629456365962
0.05277366783941073
0.08148962022405665
0.12395597935494057
0.163160280429833
0.0857319255294931
0.14689918490754367
0.09388594664077665
0.09242929160492275
0.0628151172723635
0.11231248375707231
0.05226634448635825
0.10298779646996786
0.20133370994223448
0.0781240963911436
0.10685515036513193
0.06693117226613232
0.32114738987809577
0.22476283742325853
0.11500180136871002
0.1236072293703615
0.10064159012976553
0.08081799239930498
0.059634208098082564
0.06589342464120312
0.12984929179223026
0.14219561849385848
0.05333389681135853
0.07722812947536567
0.08032467672146176
0.13400004493366097
0.12857034230350123
0.3764634951040475
0.013811325224079074
0.1442304567137006
0.1014533351507032
0.0329433189177879
0.08379916357478079
0.09413796238686079
0.05832300277273139
-0.014195994796381506
0.0976697037423343
0.11382162823329134
-0.010442486713873267
0.0006346539941727847
0.008618220663706377
0.10723538210392036
0.28056162480273134
0.11054852302243845
0.0797785052601781
0.015091822523514875
0.013015358404672162
0.08745598602812388
0.043681346404921106
0.1199642805343688
0.10518161228091177
0.04737024529388639
-0.005941268396370991
0.27319179900155793
-0.004170659652279973
-0.007313019728862724
0.13412093025586558
0.16824940891100204
0.14203445170759554
0.0168015667157293
0.2534329373106965
0.09524980018821405
0.10239562945908365
0.06331604364332877
0.13503513354558472
0.015119912705130134
0.03969744684141879
0.11182732035341042
0.1307445232203941
0.10350125367771379
0.207369092463077
0.03130262130695133
0.08198285806276961
-0.014826275828170643
0.12444193623901584
0.06861222906850489
0.02114408008100771
0.10069328391870958
0.17862908291242063
0.15727866421304892
0.1064596027984393
0.2274683071448969
0.05600486745979266
0.13194168709851
0.038705680097989525
0.16049057667420918
0.11322985805655322
0.06555148487982815
0.010833534893810004
0.12893952081627114
0.10138080794058885
0.09553926728474127
0.12468262495188309
0.24888954395677115
0.08057363980013893
0.10951248570132271
0.11245915396967637
0.09470546296616267
0.029146769460865196
0.08526882782112216
0.026457891336061523
0.10332010585066392
0.038724016282934315
0.1565208104950816
0.02755654195210655
0.12427455967434153
0.2413375000688074
0.24204565484159019
0.06889335282901027
0.042545479943270015
0.10945666748483546
0.04075938789094791
0.19516535320249961
0.16262461916236115
0.1731073910611894
0.1399382924621354
0.014533203372207981
0.13856545734772152
0.050284449502707274
0.12850963527675485
0.058432914617959075
0.08348989004555157
0.10231872842131995
0.10192067626844575
0.08334653506545497
0.031385809860974945
0.020293540597655535
0.013205079770069295
0.2907840861162838
0.03401000954127226
0.0746232585774465
0.08730455538246379
0.043253959961142674
0.028392174914531443
0.01306440233932088
0.10516186837120495
0.10686297769225733
0.04542152514134895
0.050187345505295466
0.07268498333257384
0.05617313165696042
0.18263416172407382
0.022477195869319122
0.023965626275547602
0.026370116369203778
0.03834692150615393
0.032517257342660755
0.11086902027739981
0.11608515263295727
0.09143462852420264
0.06779218270096804
0.11977710789649065
0.043764598416232925
0.14458221787883946
0.06467587385948981
0.002335326831268969
0.0961865296549212
0.09304296747072954
0.1529377967484628
0.07993295408442869
0.07413094604884829
0.11883705608568462
0.10741481501685668
0.038494951065155214
0.1492117230982013
0.11450572027663475
0.04376927428690336
0.051889595939889455
0.06531224148724718
0.042799717720806374
0.13847898837215422
0.059851804051430146
0.13488787247554346
0.11567929680089523
0.04637784775292925
0.02546640921107679
0.15186497201083782
0.12425630313360081
0.043043736811657685
0.09088300248351455
0.12740807972831053
0.03085461897791003
0.018102131210982586
0.18035049390034125
0.04225839193812064
0.08471647913008207
-0.014332120638152535
0.12413069151915657
0.3953321188462627
0.09060255764201419
0.40230798495818615
0.043760524991473815
0.06200937389225086
0.11778684501514242
0.019160832801790373
0.09437527476668445
0.10943345455910136
0.23994059395223838
0.22713838082091958
0.04302184746739829
0.17080225601275012
0.035962885079413975
0.01558721812912317
0.07165595158613614
0.05304364663174521
0.09960385732215105
0.07587640924180927
0.1476130156387635
0.013613889399784085
0.3566963144232672
0.13211388334815555
0.152427866455014
0.041789098585586826
0.06907028457444553
0.16623916016186346
0.018643444206911275
0.14124195229777248
0.2183149091832759
0.0385506008264177
0.2581614410770574
0.04635156667206258
0.05093958883132971
0.12431700634287934
0.03380580535009842
0.042681095755131904
0.13281507272112497
0.09131552192487119
0.04247440182227402
0.10704626781512494
0.1251183422506395
0.1504793019036355
0.05294162565203275
0.03965808802813964
0.0839799936428694
0.06756692851874213
0.13210666467344967
0.06843414146006521
0.009091398927788041
0.07410165571239774
0.22201181195694547
0.1180182116958357
0.17436734178417523
0.033666380969027576
0.1194299745067876
0.03399780292170501
0.09015058094659129
0.12991410936741954
0.0265248116009576
0.14959489106211327
0.07585993385776191
0.08142579765014424
0.22877093777640395
0.18963110716908693
0.07178489694012319
0.11891781675170593
0.1332948537338141
0.05044366511454784
0.15402757773667008
0.024942978693599183
0.04417681261762929
0.10791806280804234
0.13715498356999678
0.029411999711488446
0.08934077118776257
0.08773591519341056
0.04190987489936526
0.10723614276910215
0.40230798495818615
0.10016571409751196
0.06480415439336595
-0.006116086002640575
0.09213833625769269
0.39173504566336487
0.17303969795889979
0.04025432787157873
0.15112964522641542
0.03232519472695361
0.14739051945643028
0.09381207080099147
0.11364041524729696
0.09753644653569815
0.34500656361301457
0.03452513031099835
0.04849309161840265
0.08765090900077854
0.07715674778120024
0.29659319941230244
0.04806005179980699
0.10916466567993299
0.07239012445298548
0.11169730319301269
0.028516954394993077
0.21549493050755908
0.1261630970507327
0.09901950332806675
0.15204048508295198
0.006796049526946346
0.16303943291133788
0.10726605765229819
0.12078294148646967
0.2407824832363905
0.07410733325557428
0.11016481047775356
0.07467993508707998
0.16059783570645042
0.1254854412355389
0.06051319612888095
0.20618772747640252
0.11394595763463927
0.051963254704441686
0.04947227935486037
0.056979824090157005
0.1453938679559832
0.05798656018159881
0.046579184752524705
0.08192251541925266
0.10093522164712032
0.08090955883722417
0.11598647242982302
0.07974309141716329
0.09450566889026318
-0.012417657281256045
0.08164069276381691
0.09050851082032585
0.12207874665314067
0.06542634951087434
0.14622448563646345
0.12641716548007093
0.028351053770481915
0.019497615935320622
0.12093038190861721
0.08241481427865688
0.08086342974202643
0.031131676400289743
0.06806602702409881
0.01135189951977772
0.21129391798488362
0.03952026649522483
0.011673786697957544
0.088767648548089
0.09503607694482807
0.061902958795631735
0.13290539638659105
0.041006003006195724
0.08188175887544458
0.0911359308948958
0.07932749540854028
0.05881458403511147
0.18559384060315748
0.1103788284037282
0.014062415661993177
0.05817458182338825
0.01827734475290327
0.18822851258252687
0.26471204480267807
0.3446869269856427
0.09227979557937827
0.020053100205303653
0.0368974682280751
0.10422869556875769
0.13759591966931567
0.016990914926026834
0.09305180582942635
0.09758658193234188
0.10483500916541527
0.14432759753969487
0.1235498559682921
0.05128276822651767
0.07309543527464918
0.09381657099488983
0.14827803040492643
0.30114465889788444
0.11620962013723368
-0.0015714286839511593
0.23843495374600293
0.06384018948481213
0.08557341948770836
0.08269152000324576
0.07894765835847833
0.17540919017172768
0.02715898818368573
0.06512065333483147
0.08918995299365085
0.1024077031806383
0.14292137110081776
0.1487700938643941
0.05300035388309021
0.027322052104878536
0.11034198227406461
0.0853879470560528
0.1136600802456445
0.07786584107395267
0.05319747854165069
0.058666649412313365
0.08654446147628592
0.10845164558407655
0.17837512339205336
0.04786178852741252
0.06731510966465742
0.16660028574070945
0.2901718904907697
0.08445864590689839
0.14422272896142513
0.0726826468615085
0.33125497693743244
0.02922460894162865
0.14934981717207868
0.03688912651607118
0.19669126051771146
0.031119129656543287
0.02277799017389709
0.049571723474632456
0.2494295881754438
0.048482978836318136
0.1098923499887457
0.08341170413758703
0.1883716556368184
0.11301639886196968
0.10350206107402049
0.03647339958306495
0.14653531319698737
0.13971065283333217
0.10648719910095406
0.019600509384271325
0.006238609454711108
0.032500761023199654
0.07166576391236051
0.10352347252554528
0.2375630812362023
0.14636983166951711
0.0717135478971393
0.1449277597725055
0.04156837952182951
0.12225690230649627
0.001832681636937672
0.08402861430037983
0.2647621664787311
0.095586899831755
0.09876909810554962
0.11894922286901272
0.02501952928742207
0.1103740379916004
0.06078290788959906
0.12945950442444593
0.263560516946901
0.03885749642061698
0.069925689305959
0.056599921660949515
-0.008992675766988645
0.12661395454575852
0.1640048668573848
0.11808779436875483
-0.0005691321869045751
0.026804299989680702
0.08322110051144277
0.03652345246642791
0.035739727234199825
0.1550131250196642
0.16929499105896267
0.14292755968973136
0.015431949885836793
0.1027680313438728
0.17443142271661138
0.0602563189060068
0.08736072925356414
0.06104809522533894
0.044763348569840045
0.1380294588238558
0.095309412109982
0.2835579500851161
0.09795875800419657
0.04467883082361174
0.0998578434231262
0.08891636757857618
0.024260564041253818
0.06625977575655206
0.08628944243813375
0.019434339122423316
0.098343943658671
0.30319258101900387
0.3903823070873144
0.10217254845827667
0.11986232160212756
0.08804292231293742
0.1062609406029223
0.006991694525619374
0.03823372815111453
0.031533793326836645
0.08584353630079222
0.10977909208004677
0.07286297014107546
0.12391630416505695
0.14554099117536695
0.05668771109123205
0.11825364888668477
0.19187132741558016
0.1159682807350968
0.05686551430174713
0.057695700262631544
0.03220044728207028
0.03733086701941701
0.11178829536289425
0.05578701085229548
0.10808880936720971
0.0905055605513958
0.07233851715037137
0.14912940691205268
0.13858999682130374
0.01755185845918772
0.04571357099224427
0.18298004259013356
0.133251750523935
0.012537091608280537
0.09118544255008898
0.29553179858177103
0.11908335554601585
0.07082902936826263
0.10337299919150028
-0.020416869339682953
0.05039616745579639
0.12586625628701714
0.17146327443674308
0.123243131155641
0.048201878519222086
0.046799810757824745
0.031498749162698236
0.020595254040096156
0.10307862585517064
0.10381485518447148
0.36631151068550066
0.12732890939825003
0.11236425180198606
-0.0004799321363805342
0.1766053695157233
0.13442311696848563
0.0027687236603716747
0.17259113228879996
0.12894900241391016
0.026627150287113266
0.10674168928868943
0.04836767338522946
0.1160843660741187
0.05086326446424444
0.060522480280875424
0.06454426035640487
0.08367775251816251
0.022800963317164802
0.013892098334118308
0.13401424215575958
0.1682878619519632
0.025829827925054005
0.11512515365229425
0.11518917684310964
0.30530820020838917
0.10078423735955128
0.05166849456594458
-0.022142479942410698
-0.017178452819330337
0.234546403365338
0.19136832277006632
0.062269245721328526
0.14883617116832948
0.09841128042981406
0.09116393540065243
0.15444642673104098
0.09330578749119867
0.1267202307118136
0.30561961530003706
0.09011379069179587
0.020496553139884965
0.08765074172417292
0.13950346257190116
0.06014362544291929
0.04228378706094171
0.17203845008667096
0.10210097168346027
0.16826928059579394
0.13003088630930104
0.13301762709453185
0.06368289990119058
0.06009083344394012
0.14836103209031898
0.06418207818138161
0.07384894690014054
0.2468539331073034
0.11964184729147997
0.03439657104411986
0.2152308401200203
0.12698608454145827
0.130935393786769
0.005051326294023606
0.10960396113861948
0.08156959781206619
0.12878084744446194
0.11168033669884264
0.038192070243251774
0.010486726233100263
-0.01810134751688769
0.07128278913145375
0.04270538314882716
0.019602260945299266
0.09604264861308609
0.045805972378197723
0.23848190228597765
0.10030726271904167
0.08865857034098906
0.2278624849216065
0.33336759581672515
0.3995574509634735
0.1398351519044358
0.15832581745921848
0.09715696842909471
0.0616831568791914
0.32666477724907933
0.15168703194421618
0.16025650735061475
0.15208856724004344
0.11105297282507381
0.0602964592110285
0.07447056850924799
0.02895564810171053
0.05359576759528828
0.15756617662003564
0.1110097600973648
0.09286598387613593
0.06138749819932704
0.1720215840393834
0.09082073107227728
0.04495097540724474
0.14433771207548846
0.07149747885737656
0.035252456564687784
0.018774074564111176
0.04026208530874348
0.03969067180345337
0.14187487762641882
0.12234052066182588
0.27500421884282894
0.09162544675540868
0.022860108134289236
0.11309811364084377
0.14870505401970557
0.05689931153577443
0.12273955755169635
-0.008159400594669963
0.129417352822578
0.02697265647915076
0.036205661092612085
0.15769291712162514
0.1028791713323825
0.06847668226782222
0.054550139550013366
0.05057817670229231
0.03169594605734577
0.016779142872521358
0.0621999283593731
0.29299118534107726
0.2203413490219721
0.035229164551800696
0.07481054471308374
0.019250160945264827
0.22774733620287746
0.14975769658669996
0.10484550418110888
0.078541481244015
0.19073650308209894
0.23712601343633483
0.15899890426764435
0.12581386614559814
0.06851823682091496
0.011183804459087565
0.1579422759670987
0.03733867630657978
0.10618458320435387
0.1415345319016974
0.11043047326205763
0.05939230472077456
0.21880283607975498
0.033739712212084105
0.04694963691684639
0.11705355428417014
0.05700713834110466
0.16909978349853033
0.04392351923625615
0.046049661780268925
0.0011869538484881592
0.138730344020784
0.05105224215575127
0.12474179513864686
0.005967986374380396
0.06456525094689491
0.07944657905484726
0.1562611673145693
0.14712300243743304
0.14329671132867033
0.11394763110023304
0.13489540903895714
0.024344084066170113
0.0960716436387008
0.0487607270030076
0.19056577017262577
0.10885617587465352
0.07393246223372119
-0.011553287180120164
0.14595185833265012
0.13871668951811933
0.08661313745971078
0.13875221302508278
0.013924221341282905
0.12077376681468865
0.031561833513293336
0.10190949006587025
0.20804170817675283
0.06405459434962324
0.0025240103696627103
0.1793269111552292
0.09566369372060457
0.23646139811643135
0.1051981618954857
0.12128429161420562
0.023014429005899673
0.08124818668063993
0.09760757273538184
0.2474956093346135
0.011247466707951348
0.3727183406281497
0.07158942833383802
0.0882602040528318
0.04062310643260203
0.10671741414737584
0.3145823656688102
0.08695393473804364
0.06849443387343018
0.17323837672671916
0.028311410334458276
0.012228096764196061
0.15239061882891497
0.07283947953874437
0.057840191237338856
0.06644308640822166
0.06809176182498689
0.13283140612539218
-0.0001282515207135515
0.15387864438925808
-0.00382970617104067
0.02247770625225204
0.07484142446622499
0.3130483432864745
0.20603646471560844
0.0031731424035796874
0.1056142874105474
0.11379956011092368
0.08049375973952627
0.18539150925738068
0.034337884331756
-0.005213842260731794
0.17488892760103725
0.08652091684425856
0.03967172058154572
0.15307153593835976
0.03244008401262921
0.08445098117663646
0.02959788662863555
0.05800088296588052
0.14663049835472874
0.12403711810171991
0.08528113626193129
0.028956773051040885
0.06341508991323624
0.36751081687275455
0.09309838797947073
0.15335696813917554
0.10965926273820858
0.017409886332593272
0.08018919317573608
0.06336790067305964
0.08290923632157177
0.045803887503561846
0.0788029346902851
0.034717134552268936
0.09457872888696689
-0.0008165892871300207
0.15941460602097807
0.16307399630775965
0.012570358638907986
0.060153672970159555
0.1357827550274402
0.14958667714676627
0.05564870721212173
0.08782918000010154
0.08858913597866369
0.06284107633886565
0.09685400471994532
0.10213554385588469
0.11289099482442988
0.10740820437328313
-0.00469290963358393
0.09489763751712155
0.18039025960943783
0.05035333111711626
0.09836645935100374
0.1267587335175117
0.1335269882133785
0.07336135159392404
0.050367815599644816
0.2166273421246125
0.05865435507794381
0.11890928910005494
0.3953321188462627
0.07103419374349335
0.15720816458628506
0.06906665089136216
0.01922296983483479
0.06667774517047087
0.054950525999838684
0.12714040742971972
0.0916057441949028
0.15091011980015456
0.15558580077188855
0.08191046215301762
0.09031713531460883
0.029533993946959436
0.06616991110708204
0.1446043096565991
0.10894810203085181
0.03887810383853152
0.28792349408899454
0.006978356716392908
0.11621352462763918
0.06894328753813439
-0.028481610215819964
0.12688137529168997
0.00709370907349538
0.09295276357090754
0.0891462503904632
0.007154118898879125
0.02879662360890861
0.12015980324651088
0.11164087594146294
0.06187424957108445
0.05153276934909129
0.12338564491993143
0.039923042882624715
0.013399804730449938
0.06694426317061913
0.158226879850498
0.017293947924820807
0.05536733365271923
0.02819714863409334
0.18716234696542167
0.14292456454672242
0.1304686015977296
0.17060311691175695
0.08561207204760357
0.2586705203405898
-0.014251482102468294
-0.011860553198807744
0.06430177346616567
0.11771884517576081
0.23666331789180745
0.11003456112899307
0.07920974492597332
0.3953321188462627
0.23271649007461975
0.09284731486965309
0.15887640861503727
0.14508426955147924
0.06775141570962406
0.12407274151826214
0.16048735966880612
0.14058776474070134
0.1312509543784866
0.12477588554245794
0.005174832635722271
0.04061268265597989
0.09904455011621432
0.07497713160192104
0.3981180811259387
0.12739565244595652
0.03050328989303719
0.15828395861422262
0.05144103568079522
0.08171456054274395
0.15027789084445792
0.06387945776351739
0.08826523205771797
-0.016249487998142298
0.14806323839069807
0.12605311394319307
0.17250590327529303
0.059959278566937335
0.19188649558970727
0.01861394504470798
0.02974672976013254
0.026928779380675782
0.0638782509353949
0.14809432915259946
0.03417784892574721
-0.010008306494379005
0.10070986176718177
0.03263459283737541
0.04173494255100041
0.11602885038612154
0.23109034263085831
0.29260796584386667
0.09527129178344623
0.12653832573933993
0.10673885580567499
0.10926410850454166
0.02839945926159987
0.15140125362366275
0.1620420048320878
0.01547911701630772
0.1284492111065178
0.07819933060755996
0.04268523529866136
0.2275389448960764
0.3901245950908678
0.21458993036370577
-0.007041199107711338
0.16434276776930545
0.30926779228976325
0.11789139031489226
0.015321245371397507
0.06754170827645656
0.06990875489235099
0.1624008452567411
0.1245829014256919
0.03726121079460709
0.08700233943558283
0.07217522097628015
0.25461369635435765
0.05232141020344461
0.05259277085913394
0.057264877660955116
0.08889303695067113
0.13409200002299154
0.11142793114702598
0.07061668986576408
0.14421155441131606
0.043743328139612014
0.07325730763777644
0.05447499365124203
0.021796953941862263
0.04393694679591409
0.13845245372677123
0.15077707185113298
0.1306406262116715
0.02779609253410842
0.39827161108462994
0.053649182916969684
0.06713762737167422
0.07837364357656162
0.06689525338563179
0.04066382769658572
0.08533449016006517
0.03159084369130899
0.08402630980623782
0.03331347727711853
0.0442255404472246
0.2878619583185145
0.09654230305435918
0.13308479515478583
0.2079298600700084
0.18922151143770688
0.16525738948764962
0.14910328249793037
0.025281898380764167
0.1008431506170282
0.10189885227199058
0.16334891195583873
0.09843600338846714
0.3161687641050695
0.03538562228774117
0.06519078863453559
0.028170281938898922
0.06691019308545887
0.15309620080398273
0.008449747628495485
0.3862595580679026
0.05631817503179143
0.4042847970775557
0.06799300030778915
-0.00029862626679216797
0.10923045660809105
0.1680850683995127
0.10008262656971678
0.0770758163472291
0.09811418276481776
0.08182087674791827
0.12568936180926382
0.10116389793323494
0.11240924968938365
0.10398223614266588
0.01769854637583279
0.09579300103610189
0.01644975888001171
0.17450024490289645
0.03949749538468594
0.22670607409893678
0.030796648778882163
0.07314854579292951
0.08011865461960954
0.18568991197136858
0.1161643261599869
0.11480574913437719
0.09578710879921298
0.07019245858404405
0.07591684610228239
0.1101845543417932
0.11033418211131901
0.1112597532727988
0.06879946996236191
0.08440124428115214
0.10990229610055552
-0.01410522114299273
0.02786999095306142
0.17486891444915076
0.01100922889567263
0.05488575040916899
0.06645656003105782
0.01828306547243924
0.1439806735377427
-0.009477499151779645
0.14555910461861926
0.08296478814117525
0.12424625280884888
0.1425817585134812
0.11938174653677003
0.13701809584382169
0.018930211647882833
0.008850378948752013
0.31260079055444145
0.12552449860184017
0.3954802001392623
0.11309253627329835
0.04598411231800753
0.1510606317609518
0.06985946595269438
0.07132200493697516
0.061167680715581485
0.10280692731107666
0.19623321896580076
0.10694305605434024
0.13541975421949037
0.030461200559874724
0.06038440438540954
0.1539798053578526
0.1092972292736526
0.15056829903732333
0.09412790035018259
0.03543549213919572
0.2532093874705055
0.07394032782525484
0.10548921458536081
0.09473869239368682
0.1445612866116463
0.10353260875497722
0.027653299433865797
0.1953965645422172
0.025814272920899883
0.003719581491405888
0.11481540242295929
0.043091499745720074
0.028325251483388325
0.11541459971068807
-0.009312991285672534
0.013868748130109187
0.0035315250830392775
0.09539460534476768
0.09670644646181059
0.3418196283928819
0.10527995141101809
0.06808699195788503
0.36751081687275455
0.08176641165499449
0.08496168865339648
0.01688561905871344
0.07532137345361894
0.06513278452400101
0.10547183749947281
0.11703038017568107
0.35217778971494174
0.13974459352140378
0.03516625465867651
0.07425067111894301
0.062224818098496615
-0.022860844763964105
0.04520188283589399
0.02965787043019613
0.10054125642563322
-0.000581697037229878
0.15851946226671904
0.06142426029276704
0.10717036970796029
0.08783042471957014
0.01249546373915661
0.11104259739762296
0.07754827189176383
0.08505197603118586
-0.00036818712394132147
0.039601670565462765
0.11254639422757551
0.11167711957292098
0.08819842648618931
0.15938387203201893
0.09152137041646802
0.1343074627455838
0.02642651869577317
0.033582229714584744
0.027250043249829548
-0.008893615043847614
0.07730843040697227
0.04915739056758178
0.07233050372434913
0.1688055883958839
0.28637921503065444
0.04290589737397826
0.12976923246057676
0.11355807601381496
0.09602676341289029
0.13586445641735623
0.1128475832891645
0.10514970178900407
0.016859577588774044
0.13862814746498853
0.08592535064954143
0.1330505684757139
0.3700615898711491
0.1078214110164698
0.19566049516369904
0.13006727675893848
0.1025729751467615
0.11667442681209789
0.1741457811886959
0.3589089687047958
0.007177922721777086
0.05121871930796784
0.04803394826554375
0.012550685203514766
0.18474762788017768
0.119597259839261
0.3506833091594769
0.11471636329670981
0.1029733147585492
0.24367240332746204
0.03947934830323674
0.13323053191362588
0.13693751295782647
0.14805068032713087
0.07378622828828896
0.0834207410768133
0.1467156528166526
0.1325467649590431
0.06710482813144203
0.1408728774488492
0.022741948691499314
0.0062773749881350205
0.04172375245208665
0.11628061603718548
0.1278016372018394
0.08236049169189802
0.055570830682611205
0.10103405731917353
0.03236455272431005
0.10382120855808907
0.11187046889276014
0.0273571300668376
0.04444781049681418
0.046469425645522144
0.12648488921520346
0.14679347004738635
0.09714392727117
0.14029866400112895
0.13681397583111748
0.11666028494278691
0.03399802638255778
0.12279303574020645
0.11431340833584358
0.07979905590736397
0.12478274428281555
0.059458265467610016
0.07910201049889876
0.0375534549696514
0.21085032085670657
0.0394842834783487
0.162890628314368
0.12228597522404067
0.04432938483499127
0.12744533158480775
0.28409855948514373
0.12302554370252555
0.12486903297567215
0.14050530215246682
0.2638879798716345
0.03197406538924508
0.06776958662709415
0.13462849592767406
0.03237220995516987
0.033993243275263985
0.07073190197075901
0.3953321188462627
0.12122076735848492
0.06846522046547632
0.11524155745124981
0.02538342798231641
0.08268739809482234
0.016581382944264644
0.033860008792220564
0.013967296252224093
0.050287628635453385
0.03519747096343823
0.11538301433580406
0.04228451292716834
0.1626511673129295
0.16471377151161343
0.043611936978275034
-0.02698241056266726
0.12155353457190188
0.07874654973928935
0.054143368190089414
0.1024866043399354
0.15029468077569774
0.037994342890157184
0.032080253935121206
0.12268857842005021
0.041526610772370964
0.07790883485252448
0.17215821973952405
0.0817496192097995
0.15108651864151829
-0.000564091222095664
0.15483167478273524
0.22150108788791173
0.017677685972162738
0.2309177389957719
0.0837574834737852
0.14190514010028998
0.16440724425906217
0.12834885702868631
0.10589109937038471
0.03881270111489715
0.06883523150633103
0.21789883510247143
0.05761095786573417
0.03061909939959967
0.027164407740264684
0.13268681059838344
0.03927047498866204
0.09462950869220171
-0.014440541901364512
0.07206406556898387
0.043431204676854185
0.07357109105339404
0.06158718570848931
0.152660934115732
0.06733764271391135
0.16238530667584755
0.10080563741086707
0.08169419526171195
0.021619000296003887
0.06789939591629357
0.09108949416156709
0.065256679144366
0.11939887958263662
0.09652948779608922
0.06048529873901065
0.3953321188462627
0.09272063643729966
0.10869523034005035
0.021497390076149592
0.0840288049674246
0.02209193891396599
0.1233566266663364
0.37928369195597905
0.12688150200549747
0.04598322819079892
0.10192897885473101
0.1460944533880365
0.12819257636126258
0.10975285255092426
0.40015028161282323
0.13981677336024811
0.06681633734200615
0.12571976323916834
0.1799879364801416
0.09226483411117692
0.07011851298633287
0.16699039372933133
0.1685720710194475
0.04699021749525856
0.19431339982398244
0.11639412921848774
0.1725140626374943
0.060597580507240734
0.07659355945024077
0.017178792352020744
0.12279157548826164
0.08579684185462799
0.08723268104090037
0.22302574338236647
0.09360593676019224
0.08650343160942803
0.3135779904013192
0.16478772365981675
0.21815546102190292
0.07487033897488371
0.08614097152366013
0.05665019807516769
0.057485168170297585
0.28481450134002
0.055967827778577006
0.061956911355069144
0.030215795176333327
0.036792607106895636
0.0395326750744171
0.22844484057702052
0.05124615611579553
0.027723338923809293
0.07785210413119681
0.12850312687271548
0.016790810091847408
0.026375033827397143
0.04419671475095338
0.034665518943909845
0.09675048408269227
0.1436702829910539
0.06072911205663811
0.2504642118631146
0.04675745283887495
0.09641783135654564
0.13856727315891604
0.21881699882744587
0.05688544046452082
0.06787758595964549
0.11210300975014165
0.08319573246345252
0.014500264805806129
0.10913662938647617
0.09908914632208488
0.13157653747153436
0.11055718259502234
0.12104012445816054
0.11206991168676633
0.09743393494128416
0.04958061537331743
0.14437575054273244
0.059965141309810344
0.02393429590802587
0.1060087873931232
0.04637922062131944
0.04122581483260779
0.040696365078169816
0.12023716268889029
0.010067899532590019
0.11156845112393587
0.13153982399744968
0.06752912403075495
0.1804509735205661
0.2106462885328777
0.10460311545753243
0.12059176519128534
0.03699902037641939
0.04596287191054649
0.1309826558955398
0.0981960229707819
0.07359625306695095
0.2311588005429029
0.12173891304677237
0.1644829066400917
-0.011652587515239732
0.06608832233491374
0.32072071400931434
0.05162459552829313
0.08993058832523904
0.08859688361270374
0.07312137196966001
0.08455707636126758
0.03298964629942541
-0.005388748661119103
0.15932838719811043
0.0891598704155161
0.042501477051706815
0.06547628728491511
0.22841694347597602
0.07693181956414186
0.031759484806268945
0.02985467347516657
0.010761991238623203
0.05074587534284075
0.29930165342289183
0.037994399235747545
0.07743434942597327
0.03799445988650485
0.31559415682063885
0.09426820301661992
0.1055305664996149
0.08756873835944284
0.34400073907354023
0.22914709248404863
0.10978790921048581
0.040679404780046446
0.13398120593865465
0.059084026984100535
0.045388873466644
0.11513862782858275
0.056235817024979484
0.06174367286527477
0.02508369047101877
0.026805427432787743
0.16002487208200689
-0.00394211622273849
0.23281378043905032
0.035784462566229414
0.031385327823229225
0.09473943476524255
0.15239587761498202
0.11514845536187446
0.04504263229460148
0.05063434407039752
0.07242309008557923
0.00294924552616882
0.02798106490629315
0.07262137946863267
0.29376453772049077
0.09300483543378696
0.02953268074486287
0.08851687617023479
0.24534269106741502
0.2749310040834579
0.2281145710101547
0.03621034133552653
0.10577544185452803
0.08584049830496465
0.0732328552175256
0.07564245615737675
0.11260804429870402
0.08748551562007495
0.11398842315535623
0.2326222535873833
0.08157621775170043
0.2793759128111506
0.30290790962304054
0.02669972558227235
0.108121822823744
0.061899827357184745
0.06993945571495386
0.12463773964140307
0.14767383078748053
0.09755602207261271
0.02671770191235201
0.01694137697330317
0.1370436084792061
0.007251088702975084
0.05704735354178175
0.03298533402245213
0.06673866535292255
0.07189988710963968
0.06746757930987218
0.07501557352929816
0.023158286374100834
0.14822605604027528
0.1798559873689924
0.10550776973357817
0.04926945872081151
0.06794107402103544
0.1884017417446862
0.17180333916597235
-0.0039696124660243415
0.10718229373146743
0.0854828466633828
0.015610972900668985
0.011953844850275341
0.21617842424233663
0.013365768468260708
0.09482751535197631
0.04594784144197256
0.1379913570581524
0.2841109745881984
0.038602572379767
0.1584870756226437
-0.013055120797574926
0.2521901731747136
0.09504012253703586
0.06555828571445466
0.07304618697308951
0.01860980256702105
0.12416352020485305
0.04086914305109152
0.09182200857207157
-0.014812905165471957
0.19980589724264425
0.1437326549414577
0.1136168812080276
0.299340924444307
0.032463879405293994
0.06625850542932388
0.06155918519410675
0.0034263572284301547
0.15520114811324665
0.06828739810124063
0.13090662378395584
0.03652667763333001
0.03952761676840949
0.0709438349108657
0.1682804472495208
0.09068513199445921
0.019776378579729192
0.08849782058447703
0.07677483582995231
0.05410842767979118
0.029773645377206448
0.2370771441004237
0.16676508335043377
0.015000879197028583
0.08695225890688324
0.11043855860778995
0.09425019477005764
0.04340246061314479
0.05927487491539429
0.036479083133441004
0.09535157462273186
0.22656823622691907
0.09587530481861933
0.14942125412789403
0.11198944357865842
0.15093651471907554
0.08152715973393454
0.36080754752153377
0.1327318594036605
0.039675868869522846
0.07854804453544917
0.09769658315919866
0.0745736190777444
0.08118860968120145
0.06989425118024561
0.05522971882001054
0.09666952204600776
0.024177008588306237
0.00917614556339097
0.2927312156018252
0.11728417161059562
0.022742583986751164
0.13232406677031133
0.08407843299853374
0.07533597250491919
0.011179116928830446
0.11929727338276025
0.016306289351425918
0.16309752779449782
0.0946528071068305
0.09109620605332852
0.2073862748967525
0.11245070160180942
0.09196402998703518
0.06416911414135079
0.022038333693333245
0.10864239506307583
0.12069515151330895
-0.005065934545656514
0.03088524525643238
0.018195738346077572
0.07787254389047588
0.1226375754820021
0.2988467324806784
0.272516209714967
0.2689572082892535
0.04162946256909
0.0002484364589856458
0.06241847775399295
0.07145718767822545
0.11873450229161331
0.03417130390265427
0.09040290173884269
0.22044217187417087
0.05972921153093291
0.10521086417082087
0.04539620342647349
0.40015028161282323
0.04188680836099584
0.10684383563191197
0.035133868628948184
0.05815170097421013
0.15765520575228847
0.1019358906273703
0.11426866633844912
0.1195813309398237
0.0446462009204171
0.014447901678433517
0.07496511183952786
0.07275654434731355
0.10631570985463451
0.0827165282857738
0.07103254420455579
0.015773791170693496
0.06909495106145302
0.01817554238816782
0.05481165233978064
0.3953321188462627
0.11138556176968373
0.1327130301793552
0.14244132483538324
0.036278724683089236
0.0001574973687164527
0.03012320964649856
0.020821615579855846
0.02309890439501927
0.13570523850935234
0.16089526732159748
0.04392050334732056
0.05875422553145854
0.1610352905681126
0.11395791687979956
0.045730015655309375
0.12015688217393411
0.1292977420368378
0.11869214445791249
0.3445454001608381
0.2976162018782066
0.07861062939493385
0.0764358787982774
0.07453112220650293
0.16649765764757762
0.0544338516136228
-0.000843972736792542
0.08687990246542182
0.3525742745221551
0.060489432188684744
0.30872088986099316
0.07114732547149433
0.05553449067843064
0.06573363048654735
0.021724383928667212
0.08918950944051801
0.026629411063454678
0.15092831180662813
0.06462785181405434
0.029202011779916492
0.09843507684138231
0.03442252159456605
0.16082028479490412
0.1268924210702258
0.21418451508238362
0.010747558030522297
0.02360158517350691
0.011184053881271694
0.15915318462986994
0.08939881490734386
0.3945763963105563
0.04069862915510908
0.10090657128221525
0.10979832038637044
0.14631965408941217
0.06998576790506028
0.056128072368540116
0.12463799301358336
0.02649815415817597
0.2872425724072318
0.11193493985628539
0.08166155315141188
0.13116589539490364
-0.03836342533637699
0.058738240143818565
0.004801130907202467
0.12221904143313078
0.026099498547183464
0.09580829596692914
0.006105184614961956
0.027984875751136784
0.03406316253168079
0.10352367864847084
0.07634389861089308
0.06966553970990724
0.006722776802218
0.12318945978896634
0.07717319135878242
0.07951127689187637
0.060530560862623595
0.09187526019034598
0.04752097060317517
0.06591071031976187
0.09352603209889532
0.05959653520812297
0.053815884382234114
-0.0021928780363364986
0.08266739471456935
0.12262583315257175
0.054935495584980065
0.2995127163172497
0.03195328253637986
0.10295289614710346
0.031182113839644587
0.06761770173671822
-0.0028799809993635406
0.057161515803942964
0.3879626087846159
0.10006757643279524
0.2722085603900145
0.11279225496602391
0.040821353579514164
0.3953321188462627
0.09292618911493744
0.06494715350748437
0.1338638306935669
0.11439873007331708
0.027472616692472585
0.15289937294011996
0.14695483393780168
0.08865949122468475
0.14342154363118015
0.055473060470951796
0.054228052375069224
0.003928539854018087
0.1345661036008996
0.08276812819211227
0.10227986731667876
0.15398953892983863
0.35768489192528735
0.1397186372088695
0.07472428947576348
0.09090341409767527
0.019197808060459343
-0.007561768350918374
0.00889773969624258
0.06696226744654116
0.031359405132000306
0.006438503349847746
0.0022380052928520633
0.05233233572674334
0.14601294743462317
0.06608759435856176
0.08769094924142229
0.12785214786232896
0.16348143992669628
0.09455380281925346
0.057064247631858744
0.17893775102670867
0.060214188936750124
0.06484535869224478
0.02025948596362459
0.15073302885452589
0.053833471711566994
0.2012013862411236
0.13096606866832766
0.053850398238826425
0.05122300853485873
0.08255685587154982
-0.008961671923107262
0.1088981966305485
0.1249041365165881
-0.00414506324045999
0.0872164790063204
0.1176921648496786
0.09850245379556594
0.09580312007175079
0.12487207009725748
0.18644073181441512
0.14361581148192154
0.07448902319033257
0.09130527072198547
0.02908385561494853
0.09035299310042794
0.03307162394078139
0.1200642682614605
0.06338339513710445
0.12321503410896179
0.26904454774114184
0.042876454407487996
0.15382022918935423
0.11848031887703303
0.013067851540581377
0.26735368228806716
0.14540774914144927
0.06965569142733635
0.13499904629614212
0.10835874793932443
0.05907989473558872
0.05625340319470096
0.2193331624134548
0.1408651834764239
-0.02631099444261137
0.039415330556688166
0.13510929126480858
0.05230888968208325
0.04641091197336994
0.009334581507669137
0.035265608179113506
-0.010241130646921004
0.08739725350815525
0.01702260466409139
0.026763590069146304
0.03651334618688118
0.21633228597236082
0.04335786648446632
0.15925778206623026
0.11647632988748785
0.09091727553536355
0.057102102379755604
-0.006809767218680207
0.14349555409165643
0.065632503188018
0.10333794009130198
0.09324066716534335
0.09615981854631689
0.04185042546565387
0.047902980031659825
0.09359498306159841
0.017261954829117965
0.06593491320530731
-0.019294173145233517
0.1338724532253136
0.14222699053237758
0.06754583545839898
0.0354479881476954
0.14286050987597354
-0.005333231203333344
0.12194565021139975
0.08731551711889535
0.023354235895675812
0.01934348649066464
0.04511182470486497
0.1526793032091845
0.026726221652815185
0.1341051225903807
0.06946831623314925
0.033794655139947116
0.09569087482846134
0.07105762714873937
0.12770666433053424
-0.0009471657389946153
0.3027838535767474
0.10560667114546085
0.04682215721953603
0.06608642663614578
0.026900509285070484
0.003285754742240188
0.04141060450056688
0.11823646873703475
0.0655521752867066
0.11979750540405654
0.1067263320923395
0.023222982546039883
0.054161037335347606
0.12606475235883385
0.11085188410695102
0.08720848042534318
0.17377593955457576
0.08721928056340972
0.038627525055256684
0.08920350256317783
0.0953404003967332
0.1938860131626851
0.1739084655706895
0.17422249986931748
0.15112591870719783
0.3953321188462627
0.06068376464677422
0.10884860782188477
0.11465212928665625
0.0006347911609383972
-0.008594681554703387
0.08004614281700961
0.026252683372618546
0.03183884747801724
0.08928883455677439
0.13840010002177416
0.020299042850913773
0.05492893423831513
0.38599007962613563
0.022413450907458887
0.14369653935212107
0.264579927982489
0.029965889776849997
0.16947174998104708
0.23488839465733546
0.09444025708890363
0.08425890772955957
0.03254215409835892
0.0588928226938617
0.005664877893434506
0.2085008809351045
0.08308281423857256
0.06948331363424948
0.031922370730206595
0.07336692204128925
0.10799425020242459
0.09052686523867387
0.11613498955443763
0.041168433067456156
0.024767695537436574
-0.002105878108418613
0.015141845866973425
0.09806069528011646
0.06689822359284597
0.020888681250091967
0.2067739061147288
0.05082666360287341
0.09430553780744699
0.05292279909692571
0.39848444267281047
0.05460277725757956
0.008452952767039057
0.29155836309835576
0.006035576588652225
0.08165446185458308
0.08202941168448807
0.13741381829981048
0.17467966028599824
0.11945020443217597
0.12249414823787946
0.2743155843846761
0.05681039464197185
0.04607857490541839
0.02179654111279372
0.1629202924641338
0.1196387235880606
0.08101625640341004
0.04676948808013065
0.11500253959641799
0.031675448055886735
0.14269013569173844
0.08765105955139746
0.10178079610023122
0.07626791217974543
0.05184210122877553
0.1652774824431139
0.06597758037589119
0.17293804090415965
0.06814773124959023
0.0542613527596128
0.005262456988695374
0.247379116844073
0.11276636946785412
0.09908159277943424
0.158908502437084
0.030801214865977977
0.10481777980308365
0.11261080261008699
0.2094655769484572
0.13299500925092655
0.04295725736657913
0.08309166200132345
0.06520586125731265
0.13700704215914583
0.11726197457423626
0.14001094639058032
0.07269076057552637
0.11231713052054482
0.11779881105747281
0.053985710017796285
0.24712075706475045
0.04066184091151265
0.08017194133396677
0.06748796495796111
0.3639948045761322
0.05188583955575432
0.1813344645405366
0.07334589610238468
0.09770901370505031
0.14424663289630796
0.004229489221457272
0.000470385026373088
0.06424473793033852
0.010288406825860352
0.19069946273878374
0.08951488194860668
0.028481821177326283
0.0685380954376198
0.25090149112340027
0.0039010350713997166
0.23847733789370423
0.23994059395223838
0.0318997630458559
0.12011774946638909
0.11903095099817984
0.25152311316486387
0.05543854106840834
0.028471698039701288
0.09587646745719991
0.11709069303061842
0.1532191414066033
0.09213474206188838
0.05997641485176086
0.18848247097916548
0.023848317971382316
0.10894005400084134
0.13944964300762208
0.0645127182808995
0.2942057060213296
0.08444985177880698
0.19296708067247298
0.07291866428468802
0.04001079365766397
0.11072844068504367
0.20986038328040152
0.05673142422993033
0.14162570164406668
0.01655365898174843
0.1260263709075553
0.08887835153149481
0.13711859623796713
0.163531689526918
0.08794013627436925
0.0639416368413398
0.08608335395008021
0.16469689263134774
0.08636219933203426
0.08006782267573526
0.19637618852130112
0.0912707499434739
0.0993075464988693
0.06731281168159148
-0.001451343421271789
0.29795448141797093
0.051157155259807074
0.09228341382329619
-0.0018400469765884053
0.2410833327875101
0.0530227548098503
0.026193257758355848
0.02376673027231324
-0.003916956887106915
0.04889175546925334
0.012283217584944384
0.19199394270682218
0.02882391140543783
-0.005252817509925067
0.027423782722257317
0.03895458730795731
0.01554699196677184
0.1864528153392072
0.09036370751213785
0.05287733549578266
0.07174311567196573
0.02238107488280766
0.09891853814760054
0.09912812207097133
0.050690847175188014
0.051313588361507956
0.32225993468700026
0.05847172806271156
0.028046132699180937
0.1951629863673583
0.02968920067435238
-0.01948144454664491
0.15939688534507196
0.10283610150204842
0.09930709621301448
0.04219207103780592
0.0651048233835339
0.04428728652636804
0.029264308713162934
0.06424835884006669
-0.025956706396591256
0.07942865188343556
0.09980434739702931
0.124770364201028
0.028373388845759406
0.08938112601548315
0.03628642120704162
0.05700503116914685
0.10946593545618377
0.08709536477595436
-0.010377827250520055
0.06834626844009095
0.1288656528138155
0.03973764769529864
0.106933049785364
0.08519639132341611
0.06676424786623597
0.017131248427785628
0.255482819417226
0.1137860084315288
0.0345880537977602
0.10691278185186537
0.03584486246295704
0.07905640259346874
0.07226557739551909
0.07604259736025759
0.36863760519464417
0.09202466105657203
0.3953321188462627
0.1034713874189524
0.10485233144060196
0.014933513494649275
0.12474069733073162
0.07559018256643629
0.02506022794887469
0.03494110783537152
0.06937500342233338
0.05943520052961515
0.007075591504716705
0.08006242058418828
0.07965675414088869
0.03809724270046477
0.0704764742857027
0.05969581951488151
0.16798178762629035
0.012285683562843097
0.17433255946277648
0.06749514538226298
0.10177699200756346
0.03781042849363392
0.07308078288700887
0.10779691220562732
0.26260258471752734
0.010452921213188693
-0.0051779272030560985
0.16100734269040184
0.02703631502810583
0.10599715352641847
0.02723561120774326
0.38831217524959644
0.10251994541401
0.09129308182300439
0.046874539959644745
0.3547479906072092
0.058634789168929446
0.009401631040980685
0.030066310619296654
0.026782143777226708
0.1517958177342409
0.1116182010385734
0.1238667087312676
0.09023624429486238
0.021328356839651452
0.06392983637880545
0.11495633363251562
0.08443155679286357
0.0756374698754399
0.06742292504702763
0.28962250939308537
0.040174817363687
0.11790135448355249
0.11532121552874225
0.09399656791198019
0.16335040580564175
0.04500120982107253
0.16606366422944874
0.10014491973850986
0.23779936626268294
0.12898063761944578
0.09100560100562388
0.13854354910732225
0.09149331510803083
0.1771781111227913
0.027218453764614514
0.03641076373164698
0.047853946940119796
0.14160476275484674
0.10580759701744819
0.16356739668887432
0.12351100763677664
0.07014384336549678
0.10904443466657743
0.06363705678469939
0.21121287237352782
0.10011058728153488
0.02743729095100178
0.28781492548822113
0.08863721055753876
0.15734123962599128
0.15274308494487188
0.06712604857800708
0.13168309991158927
0.06844758667837081
0.12132526455869908
0.09143191538611722
0.04297288062996568
0.01700759341655339
0.11045311805256752
0.10600250687805013
0.13453810426932866
0.026858710670869312
0.08984714596948962
0.06175190973262312
0.011610155092513785
0.0955955416361996
0.11627973765884764
0.07677148210186074
0.10785848135074305
0.057610605128130654
0.03730077205375776
0.025662085350385777
0.13686849684158098
0.1428723684037771
0.24196889060335386
0.06313556784075847
0.04719262725419476
0.11649670072926016
0.14542346817067764
0.10658281543639664
-0.0074326339403932296
0.08943327543353025
0.11484627811090542
0.09222864092502198
0.011073153544746639
0.02242279821383325
0.15366847796144145
0.1094640294061825
0.08430300655515283
0.031889677500567704
0.1418361823785046
0.39119760338153037
0.1698593473671578
0.15684562036052946
0.03482710116518861
0.1835020026086332
0.01163669530811029
0.05607277951207573
0.23992329564587517
0.05702786477301153
0.0698659578711765
0.07112854544970776
0.08417604996619327
0.019761962216317153
0.1167727400041414
0.14076369680471112
0.07668285881689751
0.057161075363990566
0.061034842894751196
0.24854128277095322
0.10818307703133312
0.1589189637973913
0.057286254082244636
0.20806426963876784
0.08672359600158797
0.12196862923011764
0.0954248914138287
0.04619931487839718
0.03723049081995872
-0.020549001602737538
0.269965623587332
0.08426765038826578
0.16479056385193286
0.040920797714830814
0.2642645973300571
0.13853055630872285
0.14897310832211402
0.017330206462740638
0.013375183540942026
0.12506951307081832
-0.026559890862974667
0.02655681420252759
-0.001984292584392533
0.006555639576923622
0.026570737443751324
0.0449734818091963
0.18049466045057477
0.053923706990959164
0.16134696173668567
0.13334827936127713
0.01616735000802877
0.12441446536133827
0.09388634451649569
0.03187946171004885
0.044646438565677904
0.09638139006954621
0.2773799533106866
0.0397918319244851
0.36254263669473275
0.14121171958644413
0.1328816097181288
0.09180712809341873
0.04515299640936521
0.12205712196486107
0.13308745852462034
0.042906058860841145
0.137510383011423
0.026399308634661778
0.00026660805392475506
0.03939575267389983
0.002237125976051413
0.047449229318738684
0.06317614488766726
0.0962182224324174
0.0835515361903828
0.27033260684715377
0.12339940924105253
0.0919208600656492
0.1002574217824051
0.06334697358619112
0.03335737618802964
0.06467307722881355
0.01652150119417578
-0.01572206737290016
0.13411986318022412
0.12967965311751617
0.002500824761972109
0.20351522049289833
-0.003649494628828409
0.12153089515650256
0.08594606401676969
0.05797025268604772
0.09100388421987127
0.12651578470533525
0.10019787661815549
0.10652009963684506
0.052685756153920904
0.07367379094106907
0.1013369461092134
0.2766839096605374
0.02596607916607202
0.17159212775693883
0.07405983687592727
0.14708060712815457
-0.00532045635927042
0.05776387496462154
-0.0014046954186450744
0.12693088966865307
0.02143828235632017
0.019329831026309807
0.14791743557612647
0.36661451729165384
0.09743089098826213
0.008828446075309526
0.01607711830598335
0.05816125898889879
0.2037410730931084
0.09682496078438174
0.16510170928723517
0.049334268999485176
0.05620945510376407
0.10917086302111678
0.05924153718750075
0.06934150482319656
0.046601499240791155
0.05293327289590699
0.2333085910200628
0.020495010376467504
0.07610454058043614
0.025106862669970087
0.13156045443294911
0.08496548717116043
0.11036970008461677
0.14079688933897155
0.10689793404801962
0.3953321188462627
0.03588012904523419
0.03758120741927895
0.04068654651472259
0.07567330270126421
0.0878114518674804
0.26371098735267834
0.03635400658065463
0.11727329193579017
0.10682261516908276
0.14511313872377668
-6.495281581264667e-05
0.19305069641346634
0.16963280238566736
0.06220543578504406
0.09904370897492959
0.04731694751867238
0.3703310137246861
0.24688378899803526
0.06908059283573847
0.04744216253229849
0.04007512623190612
0.13264921386357503
-0.02016297166722153
0.04944675368353668
0.08049768061506946
0.11926333684467455
0.012341573117748361
0.11033213355143329
0.03471064607700802
0.12832491226549225
0.06181069920137949
0.1291032275937123
0.06681768560092494
0.07784822885495146
0.11993741588174106
0.07913016750506596
0.04645451954433827
0.042036289364903945
0.08087256418197669
0.24427337155742357
0.11741718263029965
0.09599830629382505
-0.014415654491676921
0.12821509890500715
0.03680124174705035
-0.00907595556261137
0.24548113577982472
0.17540041677081292
0.03954886901097393
0.06990191636974591
0.12886158391917518
0.06502737998095204
0.06994221261007666
0.0605850509279367
0.04784534415035857
0.12257426061618631
0.17621375951357343
0.07686272810516409
0.0993516162322175
0.3355426178870876
0.1652264968681047
0.3953321188462627
0.17020282567730233
0.08771044430974417
0.131979046475739
0.06521079289286025
-0.007481678186228025
0.1062486027602097
0.09033970483006487
0.28103045813255395
0.01733366847301282
0.039036949383256525
0.2280232737009969
0.02569713430663867
0.16703121608249177
0.07728054185809369
0.12715123911328935
0.13389524183429696
0.0649614452116854
0.07756512755338985
0.03898674686524334
0.09541443206137373
0.03800741168170313
0.14956562405081164
0.0885038487925005
0.07771978769584303
0.3476296525831507
0.02364353556278831
0.37294748280742535
0.03382298189781335
0.0770576147790939
0.03220594459916504
0.13723071701147999
0.06746763989442955
0.09799434663761858
0.04235678772500784
0.187569345721334
0.035147641915084515
0.0709527108838604
0.011454378277619526
0.27767927757466704
0.028939200942717735
0.26549312970542394
0.03017863948991989
0.04371864315858426
0.1031475814922671
0.15364278718564806
0.1626982731793309
0.09768559936699689
0.1426337030949455
0.053089416702929104
0.12348923876744855
0.08871040561848481
0.012511724450011308
-0.006605170364502422
0.006538658727996305
0.04528088373029754
0.0055253563814099405
0.11502277361048269
0.008214541577393819
0.0582657582449011
0.14113053181601198
-0.011880179967369564
0.11422342852990613
0.022100940977455186
0.021225317366942387
0.1473374713991984
0.07483078284140626
0.1174436600612983
0.09395220532694631
0.21909137629877484
0.14711973718842752
0.008541373682297237
0.20450142315310976
0.2564836522174328
0.18783053311735992
0.0856687540151787
0.126901875611238
0.13913280158004404
-0.003599187627401801
0.216000929307402
0.15110543878147076
0.0252513329164768
0.015129325758552026
0.06276485017781541
0.0911161955542239
0.08646176337515304
0.09969617475987952
0.1458908019548435
0.0396067528793993
-0.025906936032504435
0.048688688833429195
0.11655904818757323
0.3893189328533375
0.18431696356592292
0.08680205879191627
-0.008707361585738593
0.14088328850939863
0.2478363673278935
0.05407593482018486
0.06213401152448789
0.09345366623780293
0.08648946606603514
0.06468900450519444
0.029132165514940744
0.17651892370192446
0.002238907381369948
0.0275564615693894
0.02382406863763642
0.10314515407853597
0.011195573266898629
0.1336598107520987
0.06839983489324875
0.07581640371177639
0.06688104025612662
0.13364437597260775
0.192853768143734
0.06666441382351335
0.12123074923902505
0.04976412646074596
0.19799383143431837
0.0476724540667845
0.13630938326130276
0.029337149796274664
0.14818200739721565
0.09027093556875426
0.04230765534826808
0.0883411442445235
0.13793719378232894
0.18040604591167286
0.06526830430649389
0.05125862755300553
0.11927682269879264
0.050870449830350495
0.03270686030863662
0.10360732218168917
0.1120062871976284
0.12463414496426684
0.09794633618202014
0.09459065486654816
0.0630320388115152
0.015782607487878852
-0.0007570448682423514
0.07377774085540673
0.0856586364278279
0.06399347644234543
0.12540709701342967
0.07097352711872346
0.11331515656997765
0.14004876188059806
0.06117593516106162
0.15239521657780242
0.14022331242938596
0.07881873119832022
0.03340712368664611
0.2641090756225632
0.060237167210108244
0.15264396541910435
0.10509098067418016
0.026493356986092897
0.10339990027435914
0.13933598814542092
0.11092163252133297
0.17170599519681806
0.20990126523826197
0.1152336497165733
-0.013469453244052187
0.22814160748117568
0.08580678626692362
0.17818844141080947
0.20392559934640841
0.06624683078442417
0.09871060748667232
0.12994279025216576
0.24277060499159742
0.25844543624077426
0.0896575696908577
0.027697350040427615
0.19500355471270192
0.04098174226129214
0.06047816173000714
0.0546449652794857
0.005112142648342255
0.07169678949981839
0.012485565660758813
0.18111860462038037
0.1095901235192186
0.08396296346406018
0.061612768457227685
0.19452578385465275
0.14447015174285105
0.02870376888045112
0.12040158179730737
0.24768033816821006
0.06329924040102913
0.16800747770905677
0.07263024314694394
0.11052385861113445
0.05620701815406992
0.12581496938258518
0.08600094959189303
0.1276776917326103
0.026756475494866816
0.07780680533914341
0.1518157959958889
0.05463294603094376
0.04276574125135563
-0.02336724420912567
0.07315998286844722
0.09994373933125034
0.10031647485424416
0.0777800977378485
0.00811996235019613
0.014521200296158332
0.036536117309890925
0.03097342983873852
0.0733446414774454
0.09323471850201814
0.09324597412298391
0.011244050836580255
0.33686091420486935
0.04401234151726491
0.0767270385342258
0.12702250444082258
0.12306762887834227
0.02696826879906672
0.042102570061206934
0.07002258280115276
0.0615472189312829
0.12671374420595338
0.11574990547257763
0.012482684647515507
0.0290790746470585
0.061690396150232474
0.05300339819190836
0.028042768388995276
0.05186304022115529
0.07327179662258332
0.07742374206826452
0.10397526853340311
0.12715743356024345
0.07419429283921464
0.1367062829481986
0.3953321188462627
0.008054521679050242
0.15842556895464194
0.043110385196978074
0.02547846549557381
0.19454618319433614
0.20062683380843738
0.03291588187368871
0.009044947895106459
-0.01671040381864841
0.19878175043440938
0.13027850814051023
0.00712929083363939
0.07754069257717988
0.03963027596728114
0.17880297099874548
-0.0016722391338112041
0.030760786678810492
0.11492794080747926
0.06210706003052879
0.1513201422172854
0.09607904035670195
0.1356327057083504
0.11266882640608289
0.010316567938840171
0.059541127040968644
0.07031950747226173
0.008482997795274838
0.059032035442772024
0.05308242974960059
0.019992233332282672
0.09943220531345387
0.13408186942858435
0.15391137309080843
0.07694484143630131
0.13762852394070818
0.017724992806215423
0.11004420964860634
0.08902347896387586
0.02037553886182264
0.1263382788156852
0.12847599046839636
0.24044693991865945
0.3727183406281497
0.15143898500523967
0.07084459674764354
0.022701369526819615
0.18168638464738784
0.14127690757524586
0.16060133015165395
0.14937645208564826
0.1980502330850586
0.35300934868604916
0.30970289284554814
0.05607323598656094
0.06920383245934364
0.02751055824224563
0.08151208561860285
0.11014783734242978
0.1605518819446975
0.0462463925480191
0.05795597535616892
0.09748986228427009
0.40230798495818615
0.08965208006206427
0.3552944863715978
0.1099307229105626
0.17528923216791698
0.10057578517290089
0.057244469147353205
0.05889224865802484
0.11170603497809589
0.10920297091800774
0.08552121598987517
0.09747242512139692
0.26184804378762144
0.04343588345440513
0.05988472075239015
0.24607622071474505
0.13101891697684848
0.083815640644129
0.10585467383361408
0.19401326639179706
0.09643854431830834
0.04924698364994573
0.08557257259112305
0.006059476336275571
0.09433611873208086
0.07574785412126378
0.022153134877923253
0.1486822873659494
0.11760895079034445
0.4088621987256178
0.14778022654860562
0.15265058580637186
0.08209851608220747
0.022384841733829652
0.12343878808188302
0.08308131007805492
0.054469684186952416
0.12644286233581958
-0.01020337020801354
0.3609889745045584
0.036876047151601754
0.10666330726852152
0.06322446167016516
0.13801200596618968
0.09002146050010712
0.40230798495818615
0.3111775005659235
0.06168170889961344
0.12157368690956216
0.07937477459990305
0.06667340963193519
0.16787021293220078
0.08113565056589955
0.043869383159049646
0.05985999655233781
0.07613626172516696
0.08932051179598244
0.006413004919792464
0.08377635916669512
0.01818781082144333
0.11633161794320201
0.0813935267580228
0.23522020523742426
-0.0007538779609310153
0.10610371244052208
0.3953321188462627
0.022061041328726716
0.00987861615825858
0.08360497065574729
0.0304169340797954
0.02679801408941357
0.12173741109635278
0.12719114444072527
0.06351394640535518
0.12841709618854896
0.004945430946201368
0.11688429171347559
0.12569040681743038
0.0919157029542726
0.05936219887356481
0.11639390415172396
0.1873004813600047
0.11174068295495193
0.035071814880481444
0.036861631414454255
-0.02137189851898519
0.08752874990940951
0.043010309998982144
0.06924543383532406
0.27849290538791033
0.0347452230460773
0.11891678015838564
0.1294417411755725
-0.009775311243648444
0.0426495649434544
0.020092319582306506
0.129214421712876
0.13927080516059176
0.1383403210988141
0.23398459290116497
0.23232851995420367
0.0720920207299991
0.1522757386260048
0.13667206415540745
0.11147438555701944
0.3093626353869889
0.06964667001154351
0.13176258901011562
0.07563610963766954
0.10330612527583527
0.1493381882954537
0.028156536666435694
0.10922808509606463
0.07421044974167734
0.11288199260724952
0.14946396606543833
0.015911248186850413
-0.011083581476395876
0.2685361022280505
0.006140882192286645
0.05281120695672248
0.05782074463550302
0.11102909357479657
0.23499343739550388
0.12196340540161915
0.11147751974877901
0.06743230126601524
0.011704258001678514
0.06310228052609901
0.09929710951731496
0.048041272026558945
0.24921753626317844
0.11957221015038028
0.18553565710002823
0.013522569857045308
0.04029816817679216
0.14084132718132358
0.0294000429956216
0.10527995141101809
0.06095252238319826
0.07788110879402127
0.05388142803156959
0.21946574515227785
0.08504151585675007
0.02054388032821214
0.01953158512943509
0.08612901733575856
0.0883116208394123
0.06562145265168629
0.037090726058490175
0.1858120543533741
0.05332533624322883
0.13383954973503243
0.0812379424361146
0.07816296408003409
0.06341548981689765
0.0765890098638834
0.05386455204003854
0.07573415651761506
0.052547014752266696
0.13766513536722047
0.09643642950245734
0.057568797276192074
0.0476078300909758
0.0789668493195283
0.1554789839558698
0.07358768785494452
0.11096742572807483
0.09118936138826006
0.11094269804378887
0.06515434676934029
0.14160878785579306
0.09700597783060005
0.13497721337024765
0.028491413642306507
0.20332699675148314
0.07953853706201702
0.3953321188462627
0.14495980504254413
0.1460430427819675
0.04211273379476105
0.14060788471780322
0.13127532049166318
0.030747328825002862
0.16037697232185044
0.2406211804605251
0.1634081858832449
0.08208063593332965
0.17419201655015842
0.07280289996801342
0.019147926574235585
0.17293541862800854
0.18448916436619045
0.1034317317679534
0.05584121623574767
0.09746517348420014
0.09079217009708895
0.03252506203109162
0.1525381452771039
0.2334842336537754
0.08912831467702564
0.10663516522986383
0.24142804527165218
0.08274820552947637
0.11189482011767304
0.06127436266601044
0.004181878295000774
0.13200717376558985
0.05915976836889031
0.03355324306776991
0.17637557188609781
0.07524013988232015
0.08144141791937254
0.1094505129966935
0.08139832827518273
0.11932716790302955
0.05071805382977196
0.16212190220067413
0.03826097828508057
0.16926893927214998
0.04036685566252246
0.15318335034310349
0.06461921190928965
0.07315080607078533
0.1487554025776054
0.10934066953107274
0.37521775281250863
0.03700797878884282
0.013198708273476356
0.06084892760385646
0.042633776955783076
0.11669711701877578
0.10958557576541184
0.40230798495818615
0.11743689967947069
0.09690970482179895
0.2138402358562272
0.3116201720633952
0.033622237743744954
0.011856937880191099
0.07258543758277264
0.0018181240541769728
0.12800004062403614
0.0674849893100265
0.01770783324913744
0.04852170476674528
0.1076684575147272
0.058486490207303454
0.14815298044179354
0.1029815735413534
0.06008573846888876
0.10454388889540867
0.04997133581427882
0.15701583716769718
0.0337829458332804
0.09526203975777026
0.22578656083913545
0.05471375712242399
0.06480496080399012
0.046084878186934464
0.13243311619579035
0.09593986664008053
-0.0017377916684612194
0.2266138587408345
0.0184337343676087
0.03575790992871791
0.03402220951181273
0.10567928362628953
0.017511095711328417
0.038755196054581276
0.0963823877314392
0.05929268247364866
0.10898488502037418
0.04714252014964948
0.04068676779296371
0.1005094465366313
0.014392291084638908
0.12676338167764511
0.0755438090662306
0.007478248043185087
0.27710631090233995
0.04933942003025388
0.10900296087836658
0.030439915704084552
0.15785019196691308
0.02739019093882117
0.03430321134327652
0.11670455723601575
0.16963654599280925
0.05855647860892438
0.13970214735253972
0.04379761456145692
0.05594270836346593
0.0736852319814123
0.06892504917310349
0.10226949913631161
0.04031099663477977
0.0751775456339644
0.12857107657671513
0.13058198799981546
0.12004311814201402
0.12490284065526663
0.09245643007610027
0.032032614547665206
0.05107681087865695
0.0838293210581042
0.10029655958738987
-0.015713438944852
0.10630588467476815
0.1397366629631256
0.2791076678877682
0.07348096836080009
0.28594651381907527
0.18643654301347362
0.03331625333725985
0.10016889853194683
0.043929083310680184
-0.005396288857702547
0.04726865189983315
0.11935399065349245
0.23157666658418186
0.20585582852648382
0.2056840114180407
0.05164690683793688
0.10123493442249465
0.14715996095357103
0.17972142350707798
0.14524595862161682
0.15679064153652433
0.05924369680173508
0.05815090895006275
0.17502882445011564
0.2947373642205868
0.11704703302888425
0.062330977034403934
0.10640927945725737
0.11632699585790973
0.08347432519795023
0.06277074318970838
0.03632411156670229
0.11527258627371184
0.03716739974876976
0.0976792746174337
0.031394736800285705
0.09857244484940386
0.05928791433390218
0.08494620970041877
0.1821930775983206
0.12446693126051905
0.10969403394702104
0.09494876359279425
0.06539251065007301
0.2396832438868346
0.050601988796980635
0.07285275611582759
0.16281081896677557
0.18955769965463426
0.14995821003189957
0.13946237541251122
0.06008487068891044
0.041839136815875144
0.059973314545909207
0.01789926364751787
0.10011227524839261
0.03951968296681457
0.05060814002763159
0.037717084669355305
0.1177437028941653
0.10975359338695556
0.001549092769331295
0.08610213218068119
0.10131443270859197
-0.0016760698992967504
0.15742388673327007
0.05795816677153609
0.06028184528104874
0.24514811770763356
0.11124632937993356
0.08540514957741874
0.059965779338994885
0.05449508514304746
0.09521639457951708
0.03214064084652907
0.08017922569444719
0.18974240197286357
0.1851186802653796
0.19441942788938282
0.13804542784708024
0.012223111027666655
0.049531134236557306
0.05186876146776498
0.05642715608038762
0.2286308514105071
0.07135236770835851
0.11441597384948154
0.05146759826391761
0.12897147153164623
0.0700734921522983
0.0017885248968596001
0.01133473854067013
0.14626830032449306
0.025916907915649157
0.12338021513320951
0.048172054614892046
0.1722857302284162
0.06963774646258664
0.07653747271371147
0.14863290741852359
0.1106375279687401
0.09899082748961086
0.004410681924511273
0.047963092849551636
0.08769916120953897
0.049465132140713575
0.07180188658247494
0.27764520559241335
0.06684323445095536
0.04254847356094604
0.060084322692883
0.2332777247145007
0.25007280881136523
0.0400061573602325
0.04045264559042139
0.005730175486948597
0.1053554506337232
0.21462955896011493
0.10711001458797942
0.19555712505965978
0.15932311697445528
0.1210375683141604
-0.0006500418610656533
0.019635348138388853
0.16942663864901053
0.06442601071750048
0.18620568486794548
0.22742317626402492
0.08694894781889262
0.052702129440744705
0.14304152887683186
0.10532243216883413
0.05071732248986349
-0.02084349987215206
0.12650653797292644
0.04292004147413503
0.03445602636343348
0.2379170357590807
0.10748879264922828
0.1405750105345236
0.27469525039799897
0.09449919403657292
0.058470257964746974
-0.02314152165674277
0.042004572952331676
0.06778716207880581
0.11851561385429837
0.1108912528682029
0.024129945410564346
0.03707521747735448
0.04372285082859534
0.09991941224920375
0.005229750588313875
0.10654240718695385
0.018406629848385425
0.1630290391417727
0.016771621374624512
0.008596332899761916
0.02740405187990458
0.15972532747469725
0.10273521424999249
0.08112188887730037
0.019856100799945486
0.12054104063489102
0.11344534680666885
0.13040377035868878
-0.013665481864293727
0.12398799739958738
0.08165582223483059
0.055926113595266114
0.16161968187784947
0.038083978123703344
0.07319215153224828
0.12910530937675962
0.14845665188298313
0.06563754669679761
0.03661212425967836
0.05391565884402716
0.24600069713900097
0.052988208581631724
0.1055591503367001
0.1706424665128763
0.3154471750091797
0.07564661340199319
0.031994306914731874
0.1376178376344553
0.04629839055085261
0.14559659758345783
-0.024309114968549816
0.029176844432533988
0.06705515984123717
0.11712444295216706
0.05133542338402797
0.09659113055749752
0.17443068387627603
0.07355587000951042
0.08690287067513242
0.11828118237124413
0.0460713204932609
0.07064968677305872
0.33517599118932406
0.003329412879823579
0.33171968891381726
0.062112508941257416
0.06775239260955163
0.09644170580699063
0.045466767505780825
0.08740073306981366
0.16161262387399988
0.23923430603173546
-0.0013696337539560455
0.12512916629843596
0.004842773008706169
0.1075952954236074
0.1666600904929622
0.08662707506094347
0.12052170374066712
0.09049196149108651
0.29161531110285766
0.007904650787354583
0.036880966672259485
0.11309414290261421
0.1178144617522347
0.1254043186413482
0.22628166416559892
0.0526181273830319
0.1182556186555625
0.09231163638686596
0.06490316406954966
0.09198392340984057
-0.007845113907058276
0.1286585699926725
0.05550807308370187
0.07295890780177339
0.029330057945049726
0.0803182511676358
0.06466990286754071
-0.0005044446580930173
0.018700694060779788
0.062442156428048456
0.06310703607120655
0.06625605453297573
0.027671548580598726
0.02834497432813754
0.006532385204902791
0.034075481165476484
0.038010626995228114