0.12582645232613915
0.039581666841551066
0.13637475209309757
0.06358668985740945
0.06078249969251609
0.2672750544765416
0.18553180977493056
0.3678123093168037
0.048945075954051176
0.20740436140195156
0.1196618010692525
0.1555051576509892
0.12024409893738397
0.1859509489810237
0.13055477190114267
-0.03168166943057493
-0.03708066339820282
0.17710527655195035
-0.02707842487198331
0.10201064982771468
0.11056162220683446
0.05875437617692558
0.03223927197632892
0.07313295186366042
-0.03431521302127255
0.1257920761743807
0.10915052092999172
0.17802449444000373
-0.06911852782963168
0.3725925700795456
-0.01054726925282562
0.42767139498057793
0.20438861570176148
0.11429565072342585
0.21577823006356178
0.2601691850427078
0.07154621294930752
0.24646547468976238
0.3034114301351151
0.17035484915657867
0.05208891093522494
0.032038687088839835
0.15305446760689784
0.17879502254357993
0.0021090088192758927
0.19698773707211814
0.16649003724791528
0.035495766493532976
0.20003932380482636
0.24046436023855727
0.08705563561012464
0.16822887515354373
0.04413845527975063
0.036633397054849415
0.0676164059201983
0.20611750219227037
0.08756037171082098
0.16712950088527145
0.3598552480471797
0.13452091807560368
0.08917834213771741
0.12006510632189277
0.18053466800830625
0.13723192991323124
0.23640212208580813
0.38319928520873864
0.12402369176061762
0.076394769869361
0.16776747995754993
0.03680748470028594
0.19145482491918425
0.1074886323214091
0.27972560799327384
0.1268634711843642
0.3083194622422295
0.012753173899272996
0.1912439738309903
0.18317348412863993
0.1132839738283779
0.11049821571455298
0.21130114153723306
0.20161627235992796
0.21827381851780814
0.0838876865340587
0.04401028666207807
0.35276767357691946
0.42767139498057793
0.15801444968348627
0.2623385563902315
0.13975357050880033
0.043418013182272175
0.177745138360147
0.23578642071465078
0.029618524591239814
0.2623114638272581
0.05106852027923908
0.09634628229057074
-0.035495766493532976
0.001236309117255252
0.2217036293196113
0.21084944603814082
0.08594281923419322
0.032038687088839835
0.003950270819338353
0.023592995175373277
0.24738053553364658
0.4085329440933324
-0.04236167857531126
0.1670338809197675
0.07988436589581399
0.2249631287293416
0.34486953770551826
0.07578782151005603
0.3811366747791714
0.2675649816289038
0.03096542132776592
0.020266560052863036
0.09713656186962105
0.17635606965668216
0.31780094890202015
0.03200614483477143
0.23009202450871602
0.07963077313279415
0.24414064662203966
0.20509937650984295
0.02159864644047177
0.09391202911237262
0.25944469813454785
0.059875188903869836
0.2399889517666411
0.13644700951372224
0.2512039182697198
0.1473876383594867
0.2133508271180482
0.26401124185195035
0.02924233337054638
0.14019249220894264
0.23009202450871602
0.27146609506239155
0.19436666428359006
0.1765408613315826
0.2117043725435156
0.10395657546101322
0.2630776998732868
0.334485381572419
0.1296536124350518
0.07985810096642554
0.06519753021748381
0.25315656337195863
0.180078705556253
0.13178359686844898
0.2865738254200528
0.11382846856687467
0.06952997157881818
0.0041971817088870544
0.17103572860483168
0.11911362154500893
-0.036633397054849415
0.01561774985091835
0.1670976049398774
0.2217036293196113
0.1978909985808563
0.17772381133515097
0.09264422000587447
0.19944831042447275
0.28573702291348646
0.245789188848356
0.08987438523208419
0.14291058025008152
0.1623997187378558
0.1855636385039902
0.18863349263094598
0.17573689377828255
0.303157687005655
0.10894921177825923
0.025440378304228295
0.08127046520040504
0.20383373282110406
0.21261338659194956
0.23670148155853504
0.15709753714189517
0.4233164336256041
0.13984210435932304
0.11300715034721776
0.003950270819338353
0.055747052465580094
0.04691762217169221
0.01385682094515489
0.0678740500581414
0.1614554660410858
0.06369145391466846
0.24796624295349973
0.31780094890202015
0.11281310056223309
0.02623753450776478
0.01723758358836336
0.036024883353971304
0.17873621213381147
0.05911467723322095
0.24785400141188269
0.0986069017567266
0.043421912867323886
0.03969058708233825
0.42767139498057793
0.36169624946439743
0.1298304282188174
0.05054024728894557
0.225780998197267
0.27526968293861304
0.18951369346208347
0.05906490622614291
0.14131157267505273
0.20212612955358827
0.3416629101116779
0.08161750960809333
0.06877302761907805
0.05301342448744495
0.2184136236736644
0.17249064746117354
0.199564251030259
0.036633397054849415
0.06971842374310194
0.08734500147437751
0.06477116034704594
0.09995937861895787
0.03703030196457352
-0.001454487139564753
0.16149928066400931
0.2863584977068852
0.09029976165232373
0.11749853818805084
0.045233800488025444
0.09777446177268706
0.1826499138493234
0.04214969357386755
0.14221430996679874
0.17656163715444845
0.3465308825848121
0.27006839587839393
0.058859801812806756
0.12737589378106878
0.22550726847519137
0.19962029376965262
0.35689503423751817
0.3728529936153133
-0.025461676431004554
0.036633397054849415
0.13923029238469958
0.36098372948415286
0.03629578053354826
0.010959923383995152
0.22878107669085163
0.027376764785225327
0.3193342361338591
0.2162685135112445
0.36169624946439743
0.04364321902175833
0.06287129339821823
0.10812641733399075
0.1359603898084289
0.06024080767399037
0.07011691107004764
0.05054175599065458
0.03311854786953905
0.07788835841356895
0.13287374527722745
0.06091176209394461
0.25315656337195863
0.14210927250715505
0.13668606976785969
0.17884753418364707
0.06461740575133973
0.08429673849017744
-0.0352123426407398
0.05673314476241831
0.25513308576220023
0.17860663525696346
0.2608435586317171
0.11290997063259123
0.043941458406999645
0.1692209257743459
0.06716097852500907
0.3779820123196709
0.05208891093522494
0.06789392561918611
0.195193595647547
-0.028494407459841053
-0.02636766752169828
0.08346697484970061
0.14732126498742015
0.23670148155853504
0.08907550555416743
0.23157649170696343
0.38415058785579265
0.1477283311517016
0.2470663991378816
0.09718743787571099
0.2165284723296706
0.10921632179121449
0.03623303450277365
0.340186814844242
0.21508022519362496
0.225780998197267
0.21030276025681316
0.25315656337195863
0.1466766815655004
0.12075317880771946
0.17365024110121974
0.014794262884984477
0.14296082583011627
0.29927676638922196
0.0037970707979962937
0.23639940457514752
0.1129142748218101
0.15936900094251227
0.08634128132974828
0.23009202450871602
0.05727648174349648
0.09917980033945784
0.2590059159085819
0.22713547655708882
0.1908925527258296
0.09760027428958706
0.1020430243076752
0.29015758784759543
0.23406495401773147
0.05320187665172882
0.06542768842906665
0.24425914720772235
0.1553825657724417
0.08614531173965861
0.15288635591676025
0.1504184178995755
0.02555596360292578
0.03975995543926358
0.31804431602628525
0.23502464140264318
0.2464395984400266
0.24889150345279404
0.18221540246188972
0.11196725568971322
0.132568034718128
0.07032741028408324
0.05863562893191537
0.2437425252918778
0.10756637574028671
0.0742415085029341
0.03414953394885867
0.29861674845591807
0.2337086214321028
0.09219355562818071
0.22856490900985937
-0.05616832434165181
0.24829571532336864
0.0681683337219301
0.1718526801587616
0.1254552805292692
0.07349040636049103
0.13859769681476986
0.17710527655195035
0.11434979120759653
0.3280396552959166
0.15996467448466284
0.1554312995976037
0.02085006621545199
0.11198550516075995
0.08708062825584922
0.11202691235074425
0.24996865575691618
0.16053929253770632
0.16813441043345323
0.012642873622354
0.12284500459665992
0.42767139498057793
0.24441314962469923
0.008159138772632635
0.1317451208544489
0.05054175599065458
0.07799990214713654
0.12821015220577497
0.2196073034911598
0.4036573551332998
0.16440384175470935
0.026488870988746804
0.14011500999014054
0.049166578352066226
0.3058552960819707
0.13836571518886281
0.33075455033678564
0.07400966800448416
0.2365523105621904
0.15434035635698978
0.08057190747126658
0.15317212479619918
0.11797726881302262
0.21615977959921262
0.1765408613315826
0.027708363064502084
0.22328380965493794
0.03538847878234652
0.14249526710400467
0.20509937650984295
0.10812641733399075
0.06330141972926062
0.22757056309398743
-0.004959676364469534
0.2217036293196113
0.13644035424504852
-0.003153688506555563
0.06789035004405974
0.11637924478909817
0.15358318492475315
0.11929573972609536
0.10799856083737913
0.021742968195775647
0.245789188848356
0.0990929462393908
0.20781751278894056
0.03726618015840044
0.13842747051051074
0.15211204064085992
0.04859903379225555
0.13188539550492373
0.12487651583112275
0.18562540472480887
0.09675968625508413
0.2241377994549686
0.30234543502164435
0.12655906396518485
0.15581035134728255
0.10725532059935561
0.3571226349318933
0.13992721465279895
0.2337017223416653
0.1804581434175262
0.06517830061873203
0.15215089734860138
0.05828942957513633
0.04316101584562987
0.11781619648672104
0.22429178742700118
0.08658810538536771
0.28052399111459525
0.127540567988005
0.25255490350708676
-0.06556799257680285
0.20403393729856562
0.19761565032979467
0.4017088279383926
0.19509067110152672
0.0564279722737433
0.16543582210668817
0.2380196123641845
0.42767139498057793
0.1340223059237145
0.02384460551859452
0.16131748944197633
0.1954740891988309
-0.07014399077676592
0.05170091642456892
0.18936757777542734
0.18334149477995004
0.37512439007658255
0.19064765972551462
0.2835553413620037
0.07491389675256332
0.21841057007887943
0.32738703098021793
0.18749417954197412
0.147740912509791
0.06952997157881818
0.3347224762030454
0.06825872497120233
0.35287103464025094
0.021372937021804317
0.12026797191527033
0.06108427966535129
0.3108685852571328
0.15960974150972163
0.20485205151447594
0.1419328512176038
0.04239318288553984
0.18563226755199314
0.1634502712835078
-0.04296989812997548
-0.04255350343375869
0.06856950175748144
0.2151811879012393
0.04042920064420502
0.14175220005224887
0.09662802804340836
0.09607586640090832
0.3065335066668678
0.11445956559189574
0.21800516756490546
0.0645812027451611
0.061752026927976766
0.20740436140195156
0.12038439873011025
0.10188330552658081
0.08189205700695018
0.14493300143544524
0.05029113109444311
0.10309580861315759
0.08799051626626236
0.2016954386685222
0.28143924027724326
0.16053929253770632
0.17326052908005923
0.09187046684824063
0.13714888421552046
0.12843215598579727
0.05943347670702803
0.1285654308114038
0.06852843626297361
0.15352431690830226
0.24056619135412477
0.2016954386685222
0.07072654993124095
0.015398913605127962
0.2886811091889836
0.1937557000279646
0.40681201759280033
0.2666599605579066
0.12155913224812959
0.06213801332263624
0.42767139498057793
0.016586609957395082
0.18404494884979672
0.21285303177098108
0.42767139498057793
0.18362468073276528
0.10565258444344128
0.043941458406999645
0.15188149400557466
0.39852833642894225
0.048324589332152446
0.13798896200514155
0.23199133881606843
0.25315656337195863
0.21602881099924964
0.3358412081999015
-0.010707049424875714
0.27422928585438594
0.14449669374228247
0.13782236429380273
0.1381613949099827
0.27923768189771386
0.17510557863091875
0.043941458406999645
0.05678559936525762
0.2683006973675179
0.2373413637620435
0.19467457838139707
0.12596748901541388
0.3108230316663745
0.14811748417066584
0.06727752641241402
-0.016583173208464197
0.11006529945214621
0.17445696102546066
0.051390560639092975
0.18615903975143766
0.30430627153282086
0.162013482824249
-0.022493303620072902
0.22819055918607023
0.2863584977068852
0.012256091818598491
0.07163954800952288
0.31780094890202015
0.16159608781170687
0.05703192586279776
0.18929637129442256
0.250015043248893
0.1000118232561496
0.2817880998847004
0.3854614652268731
0.12186112747170275
0.22096372481096305
0.12786754132123235
0.11976537941495968
-0.06342611687446026
0.19899355419220144
0.16848437847203424
0.245789188848356
0.10921632179121449
0.282709115624463
0.11674242242183847
-0.014264989174887277
0.11128549324174719
0.1669971049765112
0.1286875658511314
0.18509123374264108
0.10777970990187702
0.18510992657583886
0.14662468007619767
0.225780998197267
0.08009757092435577
0.4036573551332998
0.1316478062610592
0.03673537551887246
0.05514103482628202
0.011771067344882036
0.06503843313825536
0.24018941645421216
0.35406283851133846
0.2743243473445593
0.23373975715817252
0.03550621256047759
0.32176555843921645
0.1349728035926997
0.2184136236736644
0.11122158493320111
0.03656565110450777
0.07594812834818043
0.2526226883874269
0.2339739731362332
0.08176306135002037
0.08603804010437194
0.09873745080154789
0.030563372060006366
0.21089125885264798
0.07611391201842282
0.21860320168224318
0.06274242845218408
0.12603141065608275
0.24523615850427505
0.18797617163635105
0.13959909057938225
0.08645742338026702
0.24018941645421216
0.19151539474344847
0.3886716867045813
-0.04052927430717301
0.3211368833498486
0.4193881547557339
0.2985646604091971
0.022665337438029287
0.2683006973675179
0.1569480166895751
0.3549341977263416
0.061382519050592776
-0.028668618747715424
0.17409006574958846
0.1349320997339899
0.2671958446106023
0.15656665826774124
0.16434763561000026
0.07793104392937306
0.1236599281767169
0.19962998882128946
0.21610385692546735
0.09077235604888961
0.11873497687310752
0.41282584103142217
0.08321374361330486
0.1657861270139615
0.05339513512974248
-0.0024695055679139766
0.30678503226889986
0.11159458209882356
0.16622316152205602
0.1866535988703647
0.10123840261444805
0.12131996213972135
0.20740436140195156
0.24294196763099513
0.20418603491335569
0.01723758358836336
0.12105544646953825
0.2709029838265094
0.08190624959828008
0.06636633251591928
0.30234543502164435
0.38941991500401546
0.20112307455156725
0.14291495350931938
-0.019912933795967924
0.08243624391008214
0.04894338683484095
0.22907100384321394
0.16150854554884614
0.015374269444286548
0.08940214269837288
0.06780239958391393
0.17276230541267806
0.029456024749787424
0.163554424842417
0.12422453350505691
0.23639757519274945
0.06971842374310194
0.2126159220297903
0.30430627153282086
0.21366948546929776
0.26505103210684555
0.3181777337969614
0.225388331582334
0.12364880869959882
0.1330613617020603
0.18485995297660196
0.35013259994276497
0.10597559161588122
0.26636517008139265
0.4233164336256041
0.2511098998154802
0.1949834215456535
0.014214838440185451
0.08259760947120942
0.19797733398096135
0.27356970790459395
0.09423561010166798
0.09843051131971375
0.11115653243019519
-0.0011310960770194445
0.09633433802320762
0.28190316218405287
0.1657861270139615
0.15525331704139178
0.08548800172085663
0.06181761247409878
0.020865673681995323
0.008616253988208866
0.16474952443531715
0.005412564970578793
0.20348500356524235
0.0863605326555999
0.1849132422635673
0.1468171326849883
0.2126676311933134
0.16157652458706873
0.06486645034137117
0.2721974482497714
0.20403393729856562
0.36377981435810214
0.055810064807296667
0.0343812751014389
0.20169673659754894
0.10153638402517629
0.11077740314104062
0.12664758155780936
0.0797749100850782
0.06355890155931371
0.06599726987103033
0.07762655982649397
0.15074344602372353
-0.0420960640771878
-0.016926307898571913
0.42767139498057793
0.2273841299904475
0.25493698379100094
0.1221248582211758
0.14378724067935672
0.19229380004470437
0.21520922509834528
0.16113706091949725
0.12366652740019995
0.11507738516461102
0.13642416538821894
0.2922581721030682
0.24342072064707254
0.14769019156056296
0.23009202450871602
0.18800220991857752
0.06414476287850113
0.019701079749174122
0.18999116149073186
0.1919810956391692
0.3788443238537647
0.03354227677625038
0.0908892116030372
0.14166168332140616
0.22283902787043608
0.24184284742038914
0.1496758241127945
0.35861272053965254
0.4036573551332998
0.365728744423099
0.1799283247713332
0.07614746260311306
-0.003950270819338353
0.2437449130651172
0.11259661039148
0.21703142126431252
0.41434702951821023
-0.018030761197305623
0.03832987110670999
0.166863720059783
0.0330529989576836
0.09309869534531545
0.1837079907738497
-0.07518669877094974
0.421109081256266
-0.06727752641241402
0.42767139498057793
0.13260090746099423
0.11691078859374548
0.017383221480245403
0.10928869629398985
0.15381546340204183
0.13577762596654885
0.13251068512815445
0.16323447275401837
0.2138238895409968
0.2571373985294878
0.058379960357193894
0.05381453336258901
0.09750234990236467
-0.03573128269807185
0.12129839581165158
0.08781925362689175
0.1444628962671472
0.09430696261444843
0.05819455999130102
0.16998155996623993
0.20524854750618776
0.14226505692411034
0.0516885483831494
0.016450622821672756
0.03664317070687462
0.07865456041400931
0.14055998105583978
0.11637522891332236
0.1005653289850274
-0.010465546402798342
-0.033912032754440435
0.14207778564967005
0.2138238895409968
0.041706477892846094
0.019406445709869602
0.2200892563750107
0.023110791999244595
0.21480213539529608
0.05533224393319941
0.0862924167655873
0.06092465110576334
0.22761771543165243
0.22076703728979025
-0.01825748552642742
0.20999371365525205
0.22933410703493246
0.02030184322718709
0.0941670420430667
0.22933410703493246
-0.05054175599065458
0.10089952808574837
0.09045238090349689
0.058081242862942584
0.04627560297670946
0.23442554218680656
0.1480178792727868
0.13070763816087333
0.2767862818744189
0.12807041529594798
0.0919838579579269
0.13210063388785453
0.05054175599065458
0.03854855480482833
0.1646882241496478
0.07334246513025056
0.09651260403120715
0.023891234560614538
0.17196023946441297
0.2217036293196113
0.16923427670964142
0.19466936521706063
0.13777961666373728
0.08772141312593462
0.22619045017295197
0.12943131804089647
0.08439183845698606
0.10738123200624156
-0.023592995175373277
0.13141959812224424
0.2087364824018647
0.13055910857608605
0.08326395505837642
0.25603307727267643
0.11689864394338584
0.05947874782901236
0.12504870408449542
0.40405866259651624
0.19928305978827765
0.2557103253496841
0.25630779272941323
0.17280667901009134
0.18016824931258202
0.1393847992439471
0.10948473817778626
0.17969924081940408
0.11131791825971621
0.36377981435810214
0.047286914571808225
0.2536381296141849
-0.01743904307196531
0.2513338373705691
0.207754666309225
0.13105496819221302
0.24811618945452235
0.17447042060987616
0.05815780805781817
0.2597288223149447
0.005429063676840262
0.21138814136978812
0.08851389608336485
0.18217307019960938
0.2773646726546901
0.09750234990236467
0.21375606547841186
0.3069881718567183
0.27976792371811193
0.11214894201397557
-0.0015690574246374211
0.12792071964193125
0.20472154644628554
0.23716828139020057
-0.04467872641624049
0.24767678509011465
0.19655424641524039
0.2675649816289038
0.17659607337618877
0.26112152407115335
0.0011002480186980135
0.27216540716310755
0.1885896300513309
0.10737970137019776
0.1721816139181711
0.13043629069443957
0.04672884155071655
0.26216263902940246
0.12770085425020966
0.08017027691384887
0.12744219493160325
0.1943954658723333
0.24236700311137432
0.19921352669856207
0.41509525781764417
0.1666245065078173
0.05070904681553462
0.23341795251336722
0.365728744423099
0.26053122289172115
0.24237103541218458
0.12678445177031933
0.049047976980661434
0.10581730635089753
0.14730582913218898
0.21610385692546735
0.1045388469597614
0.2735223640197699
0.22379966520767558
0.14053947412973722
0.12052403430790226
0.24421513783877308
0.09383191695003801
0.025572123389542734
0.06152733141601002
0.09508240562429182
-0.028138990058078295
0.3132945165911451
0.2941341881673959
0.07922237331678111
0.42558783008687323
0.049221671386910804
0.21131583497040313
0.03331350589411919
0.33092075976125135
0.13200757039062688
0.15342424622312711
0.20225521710529049
0.04913661588757107
0.2192536734463838
0.3174055396056798
0.0908913897434902
0.11121366250987147
0.17501290169692219
0.2244377898237529
0.36554091285553475
0.16315230654594765
-0.04353593131057182
0.09141012557095074
0.17943814505665528
0.18776836083110526
0.2523506099315484
0.4060637892933663
0.25750351204211214
0.07000468073051075
0.22300872608690764
0.1710801783744409
0.225780998197267
0.1740178001826253
0.2023503111915464
0.1661711054727395
0.18268625011967388
0.20210489064420717
0.10661691921532701
0.1684081524600351
0.11068836586601888
0.06822035127428139
0.2863584977068852
0.12963112154436768
0.18404494884979672
0.09528672098999236
0.07474693601372484
0.2853926787447009
0.279609264794538
0.08547644632547952
0.2675649816289038
0.25803270688837465
0.06910069428459048
0.31216634864239845
0.1661368412036281
0.19207047766513263
0.3106801330928488
0.2517032749603972
0.09192416616339721
0.22776005602534954
0.11316466700745942
0.1579839404263652
0.08183308168019565
0.1922529192460498
0.056767854366484016
0.12493450126731231
0.2684112073664445
0.2935691199209324
0.1807220250438042
0.1220812561556906
0.2037185021277032
0.421109081256266
0.1501434987158013
0.003714978532758928
-0.0377302976288596
0.20776466190029397
0.32147769476494786
0.32830246269625074
0.42767139498057793
0.19761565032979467
0.1491275453001179
0.12684734568244094
0.19729519999112122
0.2617239854955563
0.1905817206237434
0.13935163716686816
0.14605837744901584
0.22160071604028442
0.21079076967805727
0.12395371208368089
0.2217036293196113
0.08236606136754876
0.11081120061617611
0.24796624295349973
0.21820385325425756
0.225780998197267
0.1645726557571296
0.09150701843989562
0.06311812615944701
0.23776987648148434
0.12831886521968444
0.2683006973675179
0.07474693601372484
0.06030755961439482
0.10655022106489587
0.051352038668381506
0.06779844322588796
0.05590685072001217
0.1788660494254537
0.19861958458770856
0.20590062410419097
0.2217036293196113
0.018160655260271052
0.13422516572730547
0.19349763868913278
0.2518226917569821
0.1320490487909754
0.26178895379059186
0.20917674538749859
0.15925593525120502
0.1355687986526874
0.20502567372938468
0.08681625350316424
0.1994154712840514
0.23397682940795317
0.14090410913761375
0.20081499401137848
0.10664702821259325
0.41503319340076034
0.3198047219280399
0.20081499401137848
0.15633318365788035
0.1688530443520363
0.14727315399594698
0.08743725970066352
0.13226603766792294
0.18161294676751905
0.2368363884420201
0.0737039571241847
0.13026904424530605
0.13664384540077512
0.18619391270464075
0.16121101220780026
0.41282584103142217
0.01618135905660323
0.24498323540794587
0.15891092433058995
0.03478030529897541
0.12800147187579397
0.15263078191005813
0.0941064790272933
-0.047286914571808225
0.16748480518904502
0.2126159220297903
0.0029697604722394577
-0.031145942524168524
0.01677041875144314
0.2134735846337235
0.32039364197037046
0.1683292811755981
0.14052340492173787
0.032038687088839835
-0.001576761003242777
0.13800866612683516
0.06455461369285953
0.2601976071053012
0.20089712093379014
0.08007456759193582
-0.036633397054849415
0.3891326907754588
-0.025262497615911372
-0.02507376042679721
0.23206490572712873
0.22852585925056068
0.18337699660903484
0.024917871279668546
0.3483718840020297
0.15215665835366393
0.22037150831969804
0.10958441361576005
0.2570212731675483
0.036633397054849415
0.06153657472293328
0.22907100384321394
0.245789188848356
0.1932916272620115
0.26025480990928945
0.037856465596488864
0.1267601834064287
-0.044968095126053875
0.18951369346208347
0.14514100599828322
0.044968095126053875
0.18351953426228768
0.2521405424205282
0.21001100752930274
0.1832529112329931
0.32845460712463176
0.08548800172085663
0.21117125353847122
0.060241948944697865
0.24390816237054908
0.20142827914988065
0.08248061033966864
0.032038687088839835
0.225780998197267
0.12671277201453596
0.12432596632322596
0.21240361617254266
0.28771882332697474
0.1501506223085573
0.19184221005979712
0.1341430369617252
0.17903972662490553
0.02910929169439136
0.15238766833951994
0.020531475586261116
0.16090146014697226
0.06658250892763673
0.21185172586297712
0.05477417091210762
0.25093055471021014
0.24591752419650326
0.30479748246323124
0.12967012526132143
0.061175874622166504
0.19844461351403586
0.07416390412379109
0.26396864385184426
0.2404633837754816
0.24688191309263763
0.20528695021613347
0.026349799301960852
0.2258827450998987
0.10219795674219484
0.17340057872615572
0.10497602368283326
0.1869689442803189
0.17642443734102614
0.1548977045043598
0.15001637796190176
0.05003869564503188
0.05070904681553462
0.02741708684519406
0.3749587158022737
0.06474620147820404
0.1270518859881577
0.11774298770954394
0.043160313718529686
0.06684824911818654
0.032038687088839835
0.10924514789420214
0.17497837335634286
0.0846227346304495
0.06616175252012818
0.13210063388785453
0.10732673061062648
0.22842423104873827
0.03628585091214037
0.005116611963719764
-0.0065796284907915226
0.05083112470046797
0.06412080662264219
0.18318808852294066
0.245789188848356
0.1571213439391938
0.1390403061857008
0.18659144452574572
0.052686380396794075
0.2541775840374607
0.11242879928471211
0.010125378941346908
0.15215089734860138
0.1380308721883201
0.25781362859212037
0.14468336796565
0.1228241106360703
0.22105817122894672
0.2124667510334456
0.06038022501180329
0.2541775840374607
0.20403393729856562
0.12590110352619738
0.09749600353193238
0.11227654759195987
0.06274242845218408
0.18029932215011513
0.08931037002280523
0.24271469708954657
0.15936533435292183
0.049237969160035366
0.04087699651849003
0.2093697331353695
0.17100868151557547
0.059875188903869836
0.1675685038957812
0.1706962739674983
0.04921944415503532
0.02033089199858118
0.28226648039686775
0.08091733371405557
0.15243339815296747
-0.05138949662882253
0.19102981187449064
0.42767139498057793
0.20125011703714313
0.42767139498057793
0.10315424470181006
0.0808449435999743
0.18517918258263488
0.017021712629747054
0.19386729219065035
0.17799986505907484
0.31123863517770817
0.30234543502164435
0.09357664972037283
0.25440728797925566
0.05054175599065458
0.00513082429159889
0.13106535623759819
0.07274189042592571
0.15703133462043323
0.10746460908035471
0.26756993195958195
0.04069852115142242
0.3854614652268731
0.23684776331517043
0.20645061987056884
0.07564118034567907
0.15829959317890085
0.25051837401234445
0.05054175599065458
0.2547377813170971
0.2579831727152742
0.07747047711641453
0.37021939969988577
0.07871500581062157
0.049440739763082886
0.23523339037056995
0.039392461331454354
0.07283470589745555
0.21516454237861227
0.16712950088527145
0.04854919451966927
0.15938501212409878
0.245789188848356
0.221546406530989
0.08116836844197328
0.08785106716426022
0.18131916861530106
0.09906196394049449
0.204661157803179
0.12649579114314435
0.01967114388548491
0.1464379529575629
0.29578312129733253
0.23162476582093927
0.2472388500861757
0.022929897834881807
0.21212743263535327
0.07279153083959516
0.14168913939026823
0.227180520924594
0.07147144623585139
0.2440016922448417
0.12318022401054568
0.1465093093152548
0.32393208258863854
0.24197717824139747
0.09299078658489862
0.23601473054099947
0.23355782469655467
0.08333576089272515
0.2541521583409487
0.05054175599065458
0.08006393414988144
0.2016954386685222
0.2675062801758173
0.0523644748418301
0.18661863937304546
0.145961045265609
0.09190752985990192
0.15417756005793237
0.42767139498057793
0.13990371172803912
0.11056367566671471
-0.0230668520830119
0.15624163194593788
0.42767139498057793
0.2271212260263057
0.04550566932410999
0.2395544972843357
0.03795983843592243
0.2387769654251491
0.15148135283844605
0.17880232546477776
0.2063760325761072
0.39620530246360747
0.06959903506235365
0.07200282401981312
0.17354234211601338
0.15013699864094787
0.3912162556691634
0.08731844457414745
0.22022903662682808
0.11637390175857226
0.20776466190029397
0.04820850112481717
0.28505465562342813
0.2609333228439152
0.13114611980279378
0.18294919942347854
0.0046840144685416085
0.2435544351802651
0.22933410703493246
0.245789188848356
0.34446613235378043
0.11532148561635186
0.12770572834746063
0.1427214975888661
0.27713753854026774
0.2553335504497713
0.10615438949252642
0.31725917025015304
0.19211999310687017
0.09581408229480903
0.09245594328872708
0.08602281866865802
0.23358496068902074
0.1165401808428062
0.0667115700266318
0.14014065193981956
0.1553446370580196
0.185165865638365
0.23227684241894275
0.15674966589413752
0.11998389597861997
-0.06521217773445875
0.12353901430823672
0.15314741324582026
0.21610385692546735
0.09010904917929774
0.20870255718252434
0.2133308568997575
0.06061206117071338
0.028485944526623952
0.2151811879012393
0.15443867193382604
0.13247515097914403
0.06954819784162075
0.11872692417075997
0.045156547290337634
0.3205097132112403
0.061484584774612716
0.025854202988167208
0.12226395277498325
0.10315088614228513
0.08374790852960651
0.23122618679968987
0.0866991653571047
0.17305821366724905
0.1038320183998031
0.1444628962671472
0.10664702821259325
0.266762857076461
0.245789188848356
0.05208891093522494
0.08919209556519458
0.026258765616886226
0.24954871199787537
0.34466976849047765
0.39598376746436015
0.14605215416488332
0.04008401645023091
0.03254337333344315
0.18993816985810297
0.23028915924808913
0.036633397054849415
0.12487831302319463
0.16394742557844688
0.17672663767652858
0.2354318925436163
0.1847386070105187
0.0679775918189236
0.16983835242872097
0.15262255907343186
0.2791394853958131
0.3725167853485335
0.16409694595111146
-0.014919399554786439
0.35276767357691946
0.08538858249760123
0.1432870069084971
0.12886347551881444
0.14492548504799319
0.26599657338547394
0.05208891093522494
0.11825239842946778
0.14868222676247056
0.15773358992331687
0.246258639685984
0.2683006973675179
0.06001372875995198
0.06389747882342656
0.16800212563150707
0.1200332545852063
0.1513466895270943
0.1333151823263669
0.07294823320583838
0.08460405371025104
0.20740436140195156
0.18298011126094893
0.2282087326696181
0.08357734273046546
0.10584858111749823
0.2777042963621123
0.3303393712111743
0.13454327203546684
0.2534654292541349
0.13115910217021048
0.38094822261488764
0.0739508386645551
0.1915801433844967
0.044968095126053875
0.28766162544910534
0.038499195036049594
0.023592995175373277
0.09263935986870703
0.36554091285553475
0.07413472257059028
0.1619831305857834
0.1418489714660412
0.3096046649732142
0.225780998197267
0.15230998405827118
0.06993721149864068
0.23740144778763128
0.2399889517666411
0.21718283258875548
0.040213393184684365
0.010707049424875714
0.048189837574675654
0.08361653007372782
0.207754666309225
0.35689503423751817
0.1935059934644195
0.13757447502848286
0.25513308576220023
0.060931407621299116
0.21822636280617114
-0.028531267573515207
0.17464383302616676
0.3504714369203467
0.1978909985808563
0.14904636874536836
0.22918493603858786
0.030943442755161976
0.22757056309398743
0.12007224171213526
0.1814730325296715
0.3577675296555133
0.04210097429819115
0.10924939956937407
0.07357005257474025
-0.021649026467580934
0.12134677604871175
0.26701195128482297
0.16661665537946363
0.004502450092723487
0.06357180573799776
0.11875470295735058
0.008881713851073447
0.04313724181722273
0.28583714694988377
0.2753418081281915
0.2489545865432296
0.036633397054849415
0.15215089734860138
0.19770330520325097
0.10107567788104255
0.13528333364191697
0.09656466254728352
0.10040650661639067
0.23661878787336454
0.140072920219664
0.36848017220105866
0.18929637129442256
0.0672306660936805
0.20932591638384346
0.174602660827064
0.06308568114283736
0.12293081166158581
0.11705795289761683
0.032038687088839835
0.16186303424226006
0.3979783074072194
0.42767139498057793
0.18861205192217023
0.23132134069420313
0.13811524396133545
0.20225568737975513
0.02557228165956771
0.0510789665796052
0.06984481984475588
0.12513983497838138
0.1962742673530382
0.07524065030523247
0.2217036293196113
0.25633227747940707
0.09486053131793787
0.19906516637677812
0.24266549535250076
0.20932591638384346
0.11815498628132431
0.11497417878588234
0.051986787768390774
0.0900640685289707
0.20740436140195156
0.0935404467141942
0.225780998197267
0.13447948110872548
0.16276274240873434
0.2518678172892637
0.2615449585610634
0.045475993878040244
0.10929869261713426
0.27678674729710234
0.20645061987056884
0.02908706399046146
0.16763424168681207
0.3789899530255334
0.23421236970506787
0.10842793143446355
0.1554099725437329
-0.039348907958952906
0.08203372092237665
0.2157839629370506
0.22786148468126682
0.21632244621975266
0.07965080319428058
0.09692359421188851
0.08751369916977586
0.03259097430190466
0.19327636949007976
0.22178525101962349
0.4173045898620293
0.20317247199506094
0.16785672673086222
-0.014902446085966747
0.2879756681996615
0.2601976071053012
-0.010222711124754036
0.218075100287895
0.18189925707812277
0.06436659771832681
0.16436669104398088
0.10680398054266499
0.15280460700404858
0.06479440176217771
0.12911941552050765
0.11680882468065712
0.14474249137278034
0.05923219705102295
0.03153646119157233
0.22826681741575877
0.21949340106668325
0.05054175599065458
0.2437425252918778
0.2217036293196113
0.37718700050614956
0.14505689473558425
0.06872636345071503
-0.05208891093522494
-0.04097097981005021
0.30234543502164435
0.2004677234196629
0.08660598982339052
0.25513308576220023
0.1535284442736204
0.1213275821391957
0.26623840827447964
0.21159672311846756
0.212013766036594
0.4045406211315311
0.2184136236736644
0.052612786781998266
0.14949327850080474
0.27953278168671025
0.10499457307142213
0.07511209154551224
0.29640676138271604
0.22933410703493246
0.21888597096127343
0.21675806608914633
0.25099112017707126
0.11562799247836497
0.07682084059898664
0.2670822825480042
0.14060510336437748
0.1107460666244261
0.3338964313068582
0.21884132589942057
0.03174594494988492
0.30017849911132355
0.21165873784874106
0.23341795251336722
0.02341959880567762
0.2016954386685222
0.13864897778138663
0.22353386995321756
0.14988195832494244
0.06448158605237964
0.0037943816722096346
-0.07090561125116385
0.1287191797995597
0.06778641639908928
0.06261583419673344
0.18661863937304546
0.09451217849857313
0.2916422732868387
0.22037150831969804
0.11949052455825909
0.306472795682243
0.41503319340076034
0.42767139498057793
0.21236842423996816
0.26502523640966746
0.1889148807365868
0.1053442760479375
0.3522984813214079
0.27636282879369356
0.2679328258136127
0.2260417967592973
0.15817597617515983
0.11385228810275377
0.11635532949341171
0.05280339611353202
0.09719815153481204
0.2674316257449168
0.2161632005654605
0.1349794170746602
0.11095376694631226
0.23920069172783953
0.1577436806434962
0.09242181471221378
0.23009202450871602
0.15436412146360995
0.09134593901578619
0.0437239220485231
0.07154621294930752
0.0466190033042751
0.1894407810322643
0.19431578227526453
0.382570377051147
0.22373433464078873
0.05260436642022176
0.2034231250169753
0.2261856380960322
0.11224788482181519
0.17720837473579382
-0.003950270819338353
0.24992406057220246
0.04920426162906566
0.0847643055633297
0.27651921570804766
0.1485046066860246
0.1018495080514456
0.08799569912229321
0.09745573989472506
0.05208891093522494
0.060134240296616126
0.12073233953416385
0.39723007910778535
0.30234543502164435
0.05208891093522494
0.140614569448891
0.06868925053540414
0.27619232551540396
0.27363420486067574
0.2063760325761072
0.16881924687690109
0.30502010999156015
0.2900713401095443
0.23897246256680982
0.1782352076340606
0.12293081166158581
0.010707049424875714
0.26825111214605474
0.06424816769925601
0.2044405052899821
0.2345788453620567
0.2386780039487768
0.10382313974198049
0.27186036968807487
0.059875188903869836
0.08906986982948473
0.2126676311933134
0.08744715456193275
0.22991542343113242
0.05813181576621912
0.08266733246908875
-0.019084744301969436
0.23009202450871602
0.07075819698619246
0.2217036293196113
0.019134195095418638
0.13696148989354984
0.09571502483786776
0.2022794854894443
0.23951083248104743
0.2365362614995724
0.1604818360438714
0.22504367369956424
0.014856279192227817
0.1709931017378286
0.09069974962952293
0.2697799391217365
0.225780998197267
0.12181539434398753
-0.02384460551859452
0.2480626022967502
0.2330255026198328
0.1880670551089355
0.23691446000783162
0.02396119982416517
0.12830915412148225
0.07762384452007881
0.15215089734860138
0.2806201829528752
0.13798911679696468
-0.026011423605000916
0.2649329551288168
0.16865717744518938
0.33388037168872503
0.22379966520767558
0.20812997410444328
0.06352685449238393
0.12765888058347136
0.1600527645567686
0.3059110270298473
0.02384460551859452
0.4193881547557339
0.1364828165247211
0.13957313871252908
0.045904157301924375
0.19676461274631313
0.396017470896043
0.15693536268036307
0.12694092950638575
0.2666923457087799
0.03075225276938287
0.05486459294205115
0.1940021125155444
0.12215865569631118
0.10725342946725253
0.1321284179237477
0.07060016104613509
0.23962704792832645
-0.018686237912477144
0.25989910013787115
-0.015109544895314464
0.05527610124659388
0.11781332366982172
0.4055133193326293
0.2615621513490226
0.017715753273080115
0.15233599551692595
0.1294843317780333
0.11790669762794831
0.23281353543578287
0.09568030974736419
0.004432473995466535
0.28055380235221233
0.14427126702464377
0.08348120522450558
0.27146609506239155
0.07032741028408324
0.12413418357558975
0.09251119198132524
0.07611589686400494
0.24227961055264785
0.212512662125311
0.16569306351673407
0.038690592893527886
0.07881276401545406
0.41282584103142217
0.1725869634112424
0.2517758808477697
0.19858782758884924
0.03776597711946522
0.2016209474517887
0.08495915445117574
0.11749973277851494
0.07735499946840313
0.132968602058538
0.06385539416868774
0.16225452933945828
-0.01930259216690422
0.1620014648342536
0.25223369961984615
0.01830701673108115
0.11009386573654117
0.2288066320915078
0.25200531043992597
0.09632474930591528
0.171968886687474
0.14631221990762455
0.1161576712975303
0.17211434741492587
0.22933410703493246
0.1679906030868818
0.23387872446763625
-0.027725295295055907
0.15277162354793083
0.2733891501025492
0.11006134054159838
0.20932591638384346
0.23009202450871602
0.24078532703696992
0.10932300720749055
0.09220311144113674
0.2486614901343825
0.10287557716007084
0.2480798476343628
0.42767139498057793
0.11533698641753104
0.20805745480819143
0.14342074682773648
0.014568316003876314
0.12093985303108679
0.08889660499480156
0.1954740891988309
0.142712820181696
0.2759533768180086
0.23762082661197648
0.15584414882241798
0.17226203563345727
0.03539135959264694
0.08675449463675194
0.25623441535266267
0.16909787088407918
0.07639959085405329
0.3465395611245359
0.029963762335037503
0.1435840524171605
0.11908682590220299
-0.05208891093522494
0.1897637026283509
-0.00506690487498479
0.13831807510976446
0.1497411281155106
0.04504400665226688
0.0253260961454298
0.1823497405976479
0.18850975489722382
0.06951021450909334
0.12067486834454427
0.1922529192460498
0.08285077232928378
-0.011709516229644834
0.08397737779474551
0.2521918938558491
0.003064117435583047
0.02919454860831
0.06984368020385662
0.2539327688916831
0.25315656337195863
0.18946654200078106
0.22155092379147234
0.16594449569518244
0.3452759339895032
-0.029418266383195446
-0.04467872641624049
0.1262308656016724
0.24018941645421216
0.30234543502164435
0.21026290415139653
0.11131412034933907
0.42767139498057793
0.3397673135839055
0.14993729036523518
0.23791516989070477
0.20218969347925986
0.10600345376017939
0.2541775840374607
0.26302308195772806
0.2511098998154802
0.23548525453510377
0.1718374512256
0.01942692103142224
0.06922294257224898
0.20524854750618776
0.14816678709859782
0.42767139498057793
0.20524854750618776
0.04249642662926356
0.22193578103425893
0.05562806044543239
0.13210063388785453
0.21516049241283308
0.12239881979740908
0.16744756746344458
-0.05678559936525762
0.2541775840374607
0.24018941645421216
0.27546453684662925
0.12747174294372088
0.2877608321332022
0.036633397054849415
0.0674493753044253
0.06333422298237645
0.11605563498940391
0.17158742520802
0.07819895451356562
-0.043899897164171975
0.2184136236736644
0.05208891093522494
0.06486755356095492
0.24698286866585145
0.31780094890202015
0.39644477153523755
0.15734921231694043
0.25315656337195863
0.15675996322443148
0.15682426421475498
0.07489357847957756
0.2753417411008604
0.20745061485384825
0.05044629862429989
0.18197603674906726
0.11022028237683001
0.07861396349788224
0.3179092389135569
0.421109081256266
0.2645644861012688
-0.036633397054849415
0.28551223746565635
0.3457837589667058
0.16967465666699916
0.034379942746899816
0.1261171772511664
0.11024492222600807
0.27552578604301453
0.23355782469655467
0.09703141127680331
0.14580476477704823
0.12603141065608275
0.3032782932783488
0.06635555782044811
0.08329527042127499
0.07460947940629298
0.16774004446173923
0.22160071604028442
0.19352546999546194
0.08005352040780273
0.2534654292541349
0.08902525130085343
0.08929436919600842
0.11264082676333464
0.06342611687446026
0.07446910327088169
0.2601976071053012
0.2009585412628026
0.21095118050107914
0.04462114065750811
0.42558783008687323
0.06681089186867345
0.09877582449846883
0.14760683641229017
0.12293081166158581
0.07983659483513189
0.15372609723741698
0.0712241621807767
0.17576298733763052
0.08415364231305067
0.09273021017469424
0.37497236042520415
0.20932591638384346
0.22345919687776983
0.29578312129733253
0.2463682518101306
0.22841871922018625
0.24321133868053463
0.09315329700767944
0.17893320306823413
0.1782807913892424
0.28625491001495706
0.12634047772757723
0.3810399355840217
0.049709335661596354
0.1078357218805514
0.0612147741963866
0.10794661229414004
0.22972892597683675
0.034390489135307845
0.41434702951821023
0.11912255232747843
0.42767139498057793
0.11502366251130547
-0.053406363838016835
0.15086079122095253
0.26133291006696346
0.1497933630823824
0.1555051576509892
0.2184136236736644
0.1360631944920631
0.20892635744292193
0.16251637765634708
0.1628776160078932
0.1688530443520363
0.0066651713902411425
0.1714616856048426
0.03818844092961354
0.3090106980602117
0.10507454730857407
0.3549053056484005
0.07343126244654125
0.12395021149832408
0.115368041551212
0.2543803929228824
0.19761565032979467
0.13412684773469552
0.18237948732635167
0.12415000294018436
0.12512302702711386
0.2016954386685222
0.17635606965668216
0.2204157108501954
0.09228717969551475
0.1487686194737255
0.17828116506330954
-0.05451080108643297
0.036633397054849415
0.2825865189561338
0.013420391264747089
0.10154737287940357
0.09029976165232373
0.017990252778053828
0.22680545327450558
-0.035378087867808106
0.24796624295349973
0.14291058025008152
0.2186537343125719
0.19709241070212075
0.19335086070681295
0.1894384510159035
0.023592995175373277
0.04829290038097356
0.35517785803885005
0.23388870342414003
0.421109081256266
0.15049369257570133
0.05471647087180248
0.26383561734707023
0.10925150991977184
0.10978892968861037
0.09534629580755671
0.17978884079442659
0.25598630700542147
0.2221858681941749
0.24523615850427505
0.07733447581026553
0.06111912307119799
0.2186920617815008
0.2124667510334456
0.24732591761808803
0.18946753893124324
0.08715575141960225
0.35037216279584954
0.10787921096966852
0.198599810222304
0.19228140058844095
0.24889150345279404
0.18670718837563988
0.05208891093522494
0.24285166377462736
0.030780900854082693
-0.004395019495717023
0.21382449114893282
0.09270681958863419
0.06177546903380715
0.24331487977129246
-0.028187705141382635
0.04246266554949785
0.022966405129502043
0.1584916878112636
0.2016954386685222
0.4060637892933663
0.15582820033597655
0.11531864442346446
0.41282584103142217
0.1261448586444084
0.11678002739031906
0.044968095126053875
0.15546408367564618
0.10220778595430546
0.15915920474037099
0.19551078706307728
0.3982888673573121
0.245789188848356
0.05887645406185915
0.16440497115532826
0.10318824388088121
-0.08554709599653659
0.09539571815788345
0.06571349445485275
0.14831968136210022
0.0031018953155827478
0.2380770795006576
0.1251303569862135
0.1507204032032357
0.14871726227505888
5.727152624862564e-05
0.1986919656562875
0.12993024927526925
0.14693726512356287
-0.008965128777740472
0.04746498895646106
0.19551078706307728
0.19314058251791816
0.1653796732506712
0.25835106555829834
0.14102521971257742
0.1914442538726377
0.021110864665515205
0.08734500147437751
0.04364321902175833
-0.0688113255747772
0.1531876766377288
0.10760197553207007
0.12358624604307111
0.28631114137164293
0.3678123093168037
0.04374406395349567
0.19498935569413112
0.2126159220297903
0.17936118558607772
0.20408348963194356
0.20540472814404598
0.13494039379212802
0.07669148395741865
0.18896906301221933
0.1560821404824757
0.23416842690927842
0.4036573551332998
0.2217036293196113
0.2311985975652568
0.19909460762399367
0.22037150831969804
0.1870308816134007
0.28357367712404635
0.40681201759280033
0.009827512721631237
0.01717347170637812
0.09106473948664545
0.060134240296616126
0.21231836995164205
0.23355782469655467
0.3854614652268731
0.20178188793472995
0.20685278886570052
0.3267852364350356
0.056958995734953166
0.2058294642228614
0.246258639685984
0.25846158177519196
0.1399975184536178
0.1276533805881389
0.28092024900753476
0.2125456336255151
0.09648154881528109
0.22907016290840437
0.07721240077089253
0.003950270819338353
0.055443418497965746
0.19335086070681295
0.225780998197267
0.13168047109775005
0.08411505836053507
0.2184136236736644
0.047870121073766925
0.15582820033597655
0.20736834131829962
0.033024907021441396
0.07903190890273865
0.11546427823208799
0.18636724313452357
0.2675649816289038
0.15114480424749704
0.25102067912996384
0.27475356527049744
0.19202876310352768
0.061110153619025664
0.245789188848356
0.15496674094827478
0.10245921024040439
0.23233246030360266
0.09862833544739402
0.1765408613315826
0.06940789369388461
0.3023107400881131
0.09504903246600943
0.17032785551551005
0.21991406628448196
0.07576385844842387
0.19579395838356023
0.35197696044201265
0.19761565032979467
0.23009202450871602
0.221795316765101
0.3366111123883722
0.03794341505459309
0.12047670030978386
0.15873818599825562
0.0344901180926771
0.06234151807664545
0.12542476848479422
0.42767139498057793
0.22907100384321394
0.11742015939770079
0.20659840796154144
0.03493456290221342
0.1624425273573853
0.05070904681553462
0.05906490622614291
0.04352529465695826
0.10501469886848497
0.07758974555961379
0.19474079082952223
0.09185510473442893
0.20336172396415336
0.26574989885788647
0.07871196202252051
-0.06616456069591026
0.14028666000201206
0.13831024233129902
0.07847687788486901
0.18050262581109572
0.2675649816289038
0.07625840148688845
0.06539148542288792
0.18132988094240393
0.09665216598349352
0.1257723281160083
0.23590430002152069
0.1393465714284069
0.2535660153476436
-0.02266770915805444
0.20868176766930058
0.2432028395443761
0.032038687088839835
0.31780094890202015
0.15560326878007352
0.2653595054611668
0.2119539426745508
0.23684776331517043
0.1742315549682042
0.022348311890552197
0.11729472893076526
0.3358412081999015
0.057707166445063185
0.05527610124659388
0.05527610124659388
0.22429178742700118
0.06119527350761361
0.14414216841552685
-0.041997052473752905
0.11163233348162116
0.08804218935279762
0.13447802317815033
0.11059729078820668
0.18861208990139644
0.10405731338419305
0.2554284619122526
0.13749720699983936
0.13846282255465103
0.020221818261813795
0.12013309100050334
0.16162252291892337
0.07765745385158784
0.182041294517929
0.14829984528239554
0.06885872754791755
0.42767139498057793
0.13033656601748056
0.225780998197267
0.023891234560614538
0.1929959431450064
0.06508244143503361
0.21130114153723306
0.41434702951821023
0.16676516741854336
0.09170523854091533
0.17473404129721104
0.2218778992395729
0.20625796890988113
0.2041356684285413
0.42767139498057793
0.2653595054611668
0.13123946608444864
0.23691446000783162
0.22099696398267488
0.1684081524600351
0.09713220764283187
0.27668909255662266
0.27031828766641114
0.0925019180093265
0.23206476169603535
0.18657184904286744
0.2851746770635237
0.15724737160326724
0.13106535623759819
0.02746220262673371
0.21006904571195523
0.11094364160751757
0.183980860448276
0.2970482998507275
0.184446196276555
0.12056302054734347
0.38356975434963225
0.2228599823345736
0.27905224854958677
0.11230234728634247
0.13714536776155678
0.08074609845940878
0.06060302987648314
0.3707067128006896
0.11733670259750367
0.09405094265827546
0.0635161089031348
0.04641077222049794
0.10933446917548928
0.3108685852571328
0.05820213198810187
0.05263177680383824
0.14222589939561897
0.22878107669085163
0.015779929075601884
0.03146007801217937
0.07078775781357516
0.0720275902703244
0.13617576930070313
0.25239235854342007
0.09972112780271042
0.35897859913122276
0.08638369335918455
0.20841035014594528
0.24523615850427505
0.2836576339612245
0.1257250300504466
0.12222517080957662
0.16812499733775743
0.17385910153956124
0.056069415107305676
0.15752983725961983
0.19053308637783395
0.23122618679968987
0.21610385692546735
0.22535289915565299
0.1963979499575575
0.20524854750618776
0.05866624066524073
0.21180638728608792
0.10483657232767402
0.02685102074322826
0.19335086070681295
0.07865456041400931
0.06448158605237964
0.058071946681342135
0.2044405052899821
0.004374645482281336
0.2290926776487759
0.2217036293196113
0.09727710557357183
0.2818150255982114
0.30870922599594497
0.2138238895409968
0.18514869290998326
0.06925253723997327
0.08228853245165607
0.19356663274077962
0.18509118585875384
0.1294995754209156
0.30064141931139554
0.25799213093756407
0.27206488809692997
-0.004829807522582441
0.10405731338419305
0.4045406211315311
0.09799730558639952
0.13043038823504044
0.1480335248479947
0.10790694373652004
0.12925467326503853
0.055810064807296667
-0.01561774985091835
0.14055272192401008
0.1627763780809609
0.09853587540352582
0.132968602058538
0.29578312129733253
0.15498608636861005
0.05647848850223125
0.06294829600036306
0.01588101684473253
0.09823040459687876
0.346894617814006
0.07579727631196526
0.10743385420920643
0.05854646930594526
0.36987491974637093
0.17099270525954602
0.1425457076014301
0.13781855301203938
0.3937128119421052
0.31669009084643107
0.17052685014441687
0.08944427464325078
0.25315656337195863
0.11963240013855925
0.07754709766581463
0.2126159220297903
0.08945335352189016
0.08856034694594273
0.0266272923967093
0.06119527350761361
0.2024675886211511
-0.026191651622357537
0.32832787216352816
0.0720275902703244
0.04715975324700239
0.15373701581734978
0.1887394111566023
0.2016954386685222
0.10716794502606708
0.06913077469703338
0.12372501937435892
0.01683872781707929
0.057951940509639144
0.17572042687235429
0.38640029024331235
0.17911883052145827
0.06061206117071338
0.17564042325773632
0.29365436464120576
0.35858549100747944
0.3102708717465911
0.057605207454243246
0.20775927896375823
0.14820020266787226
0.12349676762866207
0.11870427557938351
0.19518477379011667
0.13709149894926176
0.18622154413559422
0.29011514557024903
0.1600804302893054
0.32895286883322583
0.3993614490685611
0.030997445835112658
0.2190682357095085
0.11827213693087613
0.10681934144886229
0.24200254230622076
0.2552701598293348
0.1501995747587031
0.06219963382667226
0.06780084331787495
0.2564682428234675
-0.029957976228437544
0.10797905511251249
0.06967689975798619
0.08739056296825154
0.1444628962671472
0.13163684998944258
0.08568438333403511
0.037338657030015154
0.2108432736928364
0.2870536017724235
0.17411694426340546
0.07218092566633627
0.10771643996423075
0.22057666454243596
0.2583341446530715
-0.015507991692033207
0.1909151391569998
0.18756285646812015
0.059704963002388645
0.011337939967718258
0.3098587710580176
0.03702910485262173
0.17052685014441687
0.08055265422594154
0.21870339092282587
0.3361517681499941
0.0503298848743553
0.24424914682373927
-0.06328994819739875
0.3461198948631075
0.16569598707004562
0.1265218229502364
0.1015046666511592
0.03245993187778751
0.22948045581889892
0.056572076389948656
0.13404535254417027
-0.05061949522192433
0.30045833800248417
0.25315656337195863
0.22455108760229625
0.3698679343081414
0.08362384760230585
0.10303014968178931
0.13992112305925725
-0.0013253773891245269
0.25791417920234855
0.13359336872007105
0.17040069738893027
0.08687483365522986
0.04967847624193705
0.1571767212436247
0.270423194055683
0.18053964384164795
0.04622244898168448
0.16572510212000063
0.11689952917546093
0.10092388335963293
0.05548332015770657
0.30405781995312037
0.21102226213112746
0.02424740555527244
0.1490526303998147
0.13482355706728483
0.127864415559301
0.06639066356118789
0.14844882941025345
0.08905905153625532
0.14051814053911793
0.3040975658792784
0.19386729219065035
0.22724782971780844
0.245789188848356
0.2675649816289038
0.13620891932565116
0.4173045898620293
0.25315656337195863
0.10689677206380316
0.1429994826804017
0.16824408816796838
0.11205105180539282
0.13882950107049807
0.1136060693312026
0.09816370858329931
0.17876686796973018
0.04467872641624049
0.006665359762639211
0.34891232950006756
0.24523615850427505
0.05647848850223125
0.17241964706303187
0.1439216265987418
0.12742973528404639
0.034390489135307845
0.245789188848356
0.022642366337378927
0.2248748941575392
0.14919336160823704
0.20932591638384346
0.2577025403559555
0.19474577077960653
0.1783402035735548
0.12272156548045599
0.032038687088839835
0.2044155147320167
0.17963515722115103
0.000939031654568212
0.03940314088441066
0.03932235970426079
0.11300253474461419
0.17965622097351402
0.37718700050614956
0.36641756177149154
0.35363066127828807
0.05756688757663919
-0.011751740966338742
0.06429907459795803
0.06950971014494833
0.17162078751971804
0.08002303751392281
0.17021482162834245
0.243285908274336
0.10188330552658081
0.20422802746419877
0.06971842374310194
0.42767139498057793
0.07941291918259585
0.15309014346626293
0.07639959085405329
0.08204181699144097
0.20294998699550865
0.15744822810935488
0.13767161793828264
0.18754696039125007
0.05564985752654078
0.03479741619740079
0.13108712172664272
0.13507837787065308
0.20913038074289853
0.11986637416395635
0.12959670905362985
0.03410385229531032
0.10903145713556245
0.02621468438705754
0.0951176161424534
0.42767139498057793
0.23157649170696343
0.2342143686926047
0.2564682428234675
0.06431158063442483
-0.013864771325622804
0.07474693601372484
0.06358615515695692
0.03490092307223114
0.18672721241034923
0.2806142682265572
0.09493692594176506
0.09462800507936409
0.2681200793721155
0.22933410703493246
0.07599475520339388
0.23009202450871602
0.22037150831969804
0.20403393729856562
0.4039802243996616
0.35510998775343455
0.11462630674858237
0.14153890083662501
0.12215865569631118
0.20404665889326784
0.07766898752983109
-0.02122638519167286
0.14709086240706398
0.395374114908456
0.11439129179598895
0.33972234415847424
0.09140620371000668
0.10834574296126492
0.13078659560171296
0.012592648821017127
0.12741734244059294
0.05543870262873152
0.2557103253496841
0.08440764779923665
0.058971449735520876
0.16816517805605335
0.07206507575303944
0.25199703924983874
0.15915896644304317
0.3232206293099178
0.068249855021905
0.03776585318075565
0.028187705141382635
0.27652996811737757
0.16429184085485415
0.42767139498057793
0.0994924016232358
0.20112307455156725
0.18683534324186707
0.1753270510780427
0.11638470434511372
0.08066931151287238
0.22907100384321394
0.0027953599141020136
0.3571226349318933
0.1864301383237641
0.13434960256162753
0.2241751455057579
-0.10046611884155393
0.11010658473160984
0.007288643358349556
0.19292984008364478
0.04802134026160726
0.13975357050880033
0.009090131060137951
-0.003582521034201147
0.04278426138783897
0.1424042749736178
0.10921053459414887
0.1377417345730821
-0.04340137131562777
0.25315656337195863
0.14683289580623277
0.14510952941747274
0.13507636404517093
0.1401391489053283
0.0462348845690283
0.09928073904031359
0.1288431967401545
0.09886549617000195
0.056452864252937496
-0.03096627888050285
0.1579463001782716
0.2036625858040959
0.11634575979895379
0.3780172548244354
0.06800104289705028
0.15571555214560934
0.037856465596488864
0.08029193848859206
-0.024564816378745802
0.1148055485180503
0.42767139498057793
0.16321429704023832
0.3273600075952178
0.16312368631119345
0.07449663258023942
0.42767139498057793
0.17907164589735491
0.06338374212747716
0.18704819713303072
0.2006970866930623
0.03447151861718173
0.2535660153476436
0.24729808965419486
0.19432806414491932
0.2688779779229717
0.09071285134533935
0.10235611386101068
-0.006029956565169026
0.22500346681945022
0.13132551967400413
0.19294156499655424
0.20944446564187497
0.4233164336256041
0.1724985514536042
0.13867974381624276
0.15141379101227948
0.05868772587695015
-0.021675173693871896
-0.04167377359705515
0.12333498755032396
0.057471799669497836
-0.004495421094128593
0.002828245714439792
0.10090264955123396
0.2400470817488316
0.11278645263321974
0.13265773572850403
0.1435840524171605
0.2661441095357259
0.17432762081750824
0.0654087334449342
0.26512138785102174
0.13769691727820776
0.11726231781642371
0.011551749326926375
0.2021931830215265
0.09193944337570692
0.26169983090176147
0.23278435093258
0.0954644680972202
0.08952875093701196
0.1468171326849883
-0.01287816590893337
0.23341795251336722
0.25184561555409435
-0.016583173208464197
0.13926495372032893
0.12087947544349831
0.1466976357182323
0.20932591638384346
0.23278029331873779
0.27795218697690816
0.1820451283068793
0.14291058025008152
0.1393866258921883
0.05280321109082653
0.17196023946441297
0.04940389246455118
0.19761565032979467
0.10644472064208915
0.23432630190044185
0.37362705096469706
0.06864341760964954
0.2699483204048069
0.22964570799285672
0.019540163418397205
0.3046168314829134
0.2660747557331004
0.09992301390676694
0.22980355787256046
0.21947107024585177
0.11031617456925163
0.10716794502606708
0.2900713401095443
0.21823068101169563
-0.05070904681553462
0.047537487447513516
0.18457592062106914
0.06363269490252049
0.07627625981822894
0.004432473995466535
0.08078848992246235
-0.044968095126053875
0.15077905712643336
0.029618524591239814
0.02686987960913434
0.10659439171702301
0.30459626017141134
0.07702394576104804
0.2026762761954095
0.20524854750618776
0.19432806414491932
0.09974482364215509
-0.02887095236879056
0.27029063288695593
0.08490925823489409
0.18653027400294642
0.15669079600442626
0.13826094536369377
0.08895306295168354
0.08341629314021853
0.1465653849966025
0.0420960640771878
0.16948141822110924
-0.05208891093522494
0.22343271477777538
0.17067343369070592
0.07104522329161522
0.05239501624631576
0.2282922324640964
-0.06930353113328735
0.16085153896384902
0.11533664443596675
0.014783029292603889
0.036633397054849415
0.08527341458636123
0.27363420486067574
0.06917193591316151
0.23745939903231839
0.1295604513492894
0.08244535333093883
0.14044907837152498
0.13979914992396725
0.1868816003399491
-0.002698215254843983
0.38893824212561995
0.17835082677559666
0.07223640593022895
0.1350129350099883
0.07066116355812457
-0.008791891674896801
0.08785106716426022
0.23816633485274907
0.08407372643241101
0.245789188848356
0.15146319978387635
-0.008021006134423359
0.11318020345756591
0.2273841299904475
0.1752074535152453
0.1320493611273823
0.29242896825908243
0.10778657702499178
0.04936512077829919
0.15771661556854194
0.19209550507116013
0.24313668323876708
0.2645420932532616
0.2602741980589314
0.23162476582093927
0.42767139498057793
0.11195644543878502
0.16011963846728455
0.20540472814404598
0.0074759202672267655
-0.04044661040205
0.11755245574330214
0.055600961733123844
0.047570045253654714
0.142216198271017
0.23009202450871602
0.03061117595104379
0.09466077341717721
0.421109081256266
0.05208891093522494
0.20434117578340016
0.32542681923104133
0.04879747412183305
0.23900393679486898
0.3046316016560705
0.14961406566138497
0.13590735956621797
0.06861525762152121
0.11802335714341922
-0.03454660347438232
0.35835041774988874
0.13444102856216478
0.11779368612407887
-0.0018481650700782892
0.11939398055587369
0.13238538391170707
0.20081499401137848
0.2190682357095085
0.07694131116924702
0.020382805762316547
-0.011752743028628776
0.008425451474031509
0.16594449569518244
0.11636595812343503
0.042987065662390744
0.27812324264185284
0.10245554200073315
0.13608758195438747
0.09464755723195167
0.421109081256266
0.07005489871279019
0.0007515855614148581
0.3723029645935905
-0.006219659813496259
0.1563207232064583
0.15712148688949235
0.19765143657520656
0.2280240223469629
0.24018941645421216
0.18844064615861672
0.3361517681499941
0.08549342960786777
0.048177227110674126
0.024579215107974728
0.2759533768180086
0.23670148155853504
0.14810538081760793
0.10812641733399075
0.187772945650775
0.02821518282664165
0.19373981324893974
0.08278989553172406
0.16742905028408617
0.1351337537507939
0.0643719472557151
0.23497837005723232
0.13312139534827677
0.2849049767720333
0.12182088811775771
0.1300078543196982
0.010664332555999023
0.34620535985260764
0.1692102230952759
0.14585073272385685
0.2222225238292419
0.06708319600872942
0.1520798096608459
0.2217036293196113
0.22307791946184286
0.19409292550939794
0.061017590978473424
0.13540594533710787
0.14249715824234305
0.19123606414841993
0.2399360393415531
0.23174680671370385
0.13280177859074643
0.19359057979151695
0.1906006316029374
0.08034974164242653
0.3352602358084157
0.061931287879268215
0.19432806414491932
0.08733512738202837
0.4193881547557339
0.12275536295559142
0.21128995542925805
0.12520508885837817
0.13529629871446058
0.282709115624463
0.0178387030522007
-0.005991487270774698
0.13885297584060935
0.03243317579764138
0.27890861112437193
0.1510522636577203
0.037039056686164806
0.1073575653260101
0.36554091285553475
-0.021668995279941816
0.3298056430009426
0.31123863517770817
0.04669927442678751
0.19645545029804012
0.16949033035373634
0.3276128484049901
0.09805185945230893
0.03181501555392369
0.2016954386685222
0.12738427563003196
0.20853418476427343
0.1631597066164795
0.11332475732410163
0.2908021686222697
0.04467872641624049
0.18388822759273576
0.18469542537484412
0.1034621123463475
0.3568040548623558
0.12378834879323974
0.32073769312942285
0.13210063388785453
0.09185510473442893
0.2344754728967866
0.30981243624492943
0.12069081653950703
0.19442350306943945
0.009444115774401851
0.16827772655464546
0.10652122867655639
0.26362444286261255
0.23314441432674132
0.14210927250715505
0.09398423438976072
0.18892013246235922
0.25614695340199034
0.1391173436313765
0.10309944868391385
0.26622927004071933
0.20901142618620971
0.15137543937844933
0.1251329729691174
-0.004495421094128593
0.3556435273172457
0.07896694629679973
0.1528851210460107
-0.009568300744854707
0.33245523282412687
0.10793974311062354
0.030185407415117937
0.046330543213992104
-0.013280571556118281
0.10016385375096981
0.032693097468738996
0.2749429745635414
0.058071946681342135
0.0055220578131828235
0.036633397054849415
0.07794754107269458
0.003898529648454163
0.23615595173006665
0.11263590366088616
0.09259667642251057
0.1765408613315826
0.020589696223403675
0.12097925091005657
0.187825858631827
0.08976879055038672
0.0779423629973875
0.3523539247111297
0.11190940086617956
0.06751014786443588
0.2522793090429541
0.01549089490764266
-0.06689974604884535
0.24732099434777827
0.20932591638384346
0.1480612589887274
0.020314339874866194
0.12560401784738923
0.08288697533546219
0.07865456041400931
0.11547551818408519
-0.05208891093522494
0.16569306351673407
0.21610385692546735
0.21287227321505775
0.03139601766424893
0.1916926705348168
0.06094798945253893
0.07439784853209164
0.20524854750618776
0.164283528774603
-0.025282210825957385
0.1627500236451292
0.245789188848356
0.057856596384314896
0.22933410703493246
0.20195854186024081
0.0901136404017494
0.036633397054849415
0.311842320669778
0.225780998197267
0.06136256433249354
0.14649427044640523
0.07674298088807752
0.1406239259573076
0.12611037310408602
0.13775246312286388
0.4036573551332998
0.1549265587960631
0.42767139498057793
0.1607094756949743
0.207754666309225
0.03461718713706574
0.19719949489457306
0.15661630478769273
0.059875188903869836
0.05533224393319941
0.12603141065608275
0.1259363165754191
0.01719875703165702
0.12299570280469246
0.17359314005733717
0.057824778715070635
0.13485435688848174
0.08644759787439626
0.2574383587631505
0.04246266554949785
0.22784999444760728
0.08742230171027077
0.18721252919484332
0.10554793082481428
0.13349795237709428
0.20246398289974027
0.35035153517587936
-0.014872112206592791
0.00706421553392339
0.24892628737333422
0.04971449789457222
0.1299081832915575
0.06486710130973172
0.42767139498057793
0.2186291375608017
0.15565371890286872
0.08530033372513157
0.3889877377709649
0.10170257700811075
0.0001920221433507341
0.053744069009141804
0.054093738696402605
0.19260427245744183
0.20740436140195156
0.20225568737975513
0.21215261463768043
0.030780900854082693
0.09887020171330546
0.23477992657664343
0.14494471070350645
0.10940410604981304
0.11511822288869172
0.3761307917093635
0.05189198668901196
0.24227961055264785
0.19123189858054773
0.18087285198773023
0.2807813083884305
0.11414681063156251
0.23691747831312931
0.17058861374194195
0.34841734536283525
0.23670148155853504
0.19432806414491932
0.22761771543165243
0.1597169037821896
0.2793379527121683
0.03478462431258711
0.08300913790901226
0.12618899463818573
0.218819379466269
0.1954740891988309
0.21729118974392314
0.245789188848356
0.12544336916694893
0.15582820033597655
0.11485840358106353
0.25694426819620636
0.17148371695179743
0.050768826331481276
0.3285584147465694
0.13674623372186567
0.22197395433102252
0.20478259989430836
0.12846402969577309
0.25828477664316984
0.1151692319016876
0.1890750756798501
0.15843516209037234
0.06361636152772648
0.015148938611087515
0.1979784613037081
0.1715695409641244
0.2511098998154802
0.06255951843790292
0.12614329492813053
0.11605563498940391
0.03701764223334103
0.14333606006558575
0.15826907616587405
0.16052285722259968
0.188455322224459
0.10074888374464286
0.06705012345847228
0.06800104289705028
0.24776577826592877
0.24796624295349973
0.31171004764960264
0.12535640993922637
0.09790062139273237
0.17960904015108686
0.25403546618527156
0.18673021772408838
-0.0254764556030862
0.12612999807684355
0.2217036293196113
0.16361331982345712
0.018571070854813687
0.039604461145094194
0.19457570414133635
0.20776466190029397
0.14303071312532178
0.05346289301540402
0.25315656337195863
0.42767139498057793
0.2710096998128457
0.25315656337195863
0.07928893956023658
0.276255431186867
0.008890178786820968
0.07087005677733288
0.3106801330928488
0.08765124456276652
0.12517426424799394
0.11823149230908747
0.19334624805227962
0.04073842683013007
0.18019465891628494
0.2275434959342033
0.09213269266501184
0.08341629314021853
0.06523058656246988
0.3352602358084157
0.20932591638384346
0.25002943354992463
0.11084150627729189
0.2749677939392669
0.14836944870205426
0.1772557562327105
0.1657861270139615
0.07941291918259585
0.06366694200440398
-0.049221671386910804
0.33759824769776403
0.19432806414491932
0.27695690733038636
0.05605805250967277
0.3220761183893089
0.18695257521663233
0.20272693290925753
0.03911290069401757
0.008317550080073566
0.19966974132584359
-0.07176081494566472
0.04496076016592193
0.005926750682172355
0.003950270819338353
0.0530174749762663
0.09667494102378349
0.2908021686222697
0.07078775781357516
0.25869545257096327
0.210680394743665
0.013576516205065559
0.2200892563750107
0.20184598578456814
0.07642983050208407
0.08549342960786777
0.16665409518464525
0.3361517681499941
0.082035592716104
0.38991422618440025
0.2705510342185073
0.22933410703493246
0.20932591638384346
0.06607472819305199
0.24018941645421216
0.23208921190029874
0.051468902998477506
0.2217036293196113
0.06677287985519498
-0.0022293360513411242
0.030697081400025694
0.0037176285203393
0.08877658729710008
0.11497264188185502
0.1627823427361903
0.17184200676058864
0.37021939969988577
0.18968052410126224
0.12182309598595786
0.1291420284282131
0.13452091807560368
0.043941458406999645
0.13134382652949034
0.05832509888269799
-0.0771138873894589
0.2207153998379065
0.22493533116010078
0.026790162215617308
0.2709029838265094
-0.04032752929419281
0.14772903825077538
0.12708544925153703
0.09640039323241162
0.166863720059783
0.22152885847305154
0.19458375809655382
0.16572510212000063
0.08827941994452426
0.11777770007209476
0.16729503134416063
0.3384254831130064
0.05605805250967277
0.2675649816289038
0.10547299638898311
0.25366604956644523
-0.03409190516160804
0.11431482806739729
-0.007665754283592008
0.2601976071053012
0.05815484597787446
0.05118576554454929
0.2569513079039979
0.401996052166949
0.17248820230168083
0.02424740555527244
0.04106902176550459
0.06946422300591698
0.2795717027213176
0.16833438409651952
0.22081532574556428
0.09696257895792021
0.06793158536725113
0.21795285171939532
0.1092990399830433
0.12425959823292887
0.1264615220271758
0.09451605623791798
0.31313886551003123
0.042608960053003964
0.1662242402494573
0.031086640332194215
0.20451157565435174
0.12456145877310293
0.20822598841079604
0.2235810075609026
0.225780998197267
0.42767139498057793
0.07702394576104804
0.03938415168967763
0.07213492192810439
0.10761609647487924
0.1368436506110683
0.32859549559877743
0.07151356639004852
0.23684776331517043
0.21159672311846756
0.24853606303144515
-0.033042176300307535
0.2430085975622786
0.28247830929206735
0.11434803172188818
0.13146916523608043
0.057187750031220064
0.41434702951821023
0.3072571833371627
0.15018366953724588
0.08218113581806036
0.08035238779008752
0.22318417451620898
-0.04364321902175833
0.07412175454561648
0.12875660462158572
0.21307116421017053
0.04256159428730916
0.18051875284533236
0.05261888203460202
0.16968229115793448
0.10661691921532701
0.23420991199639146
0.13880812618232619
0.11169293511033329
0.20472154644628554
0.15661630478769273
0.08020171535857978
0.0941064790272933
0.13114590232785883
0.3359478087774547
0.18827747580123716
0.1450479538777037
-0.055140463243490256
0.25315656337195863
0.044968095126053875
-0.035095896834518636
0.36345734796183
0.2980407311878332
0.02928100595045552
0.11505743294653004
0.22907100384321394
0.09240963112492018
0.07530814793675006
0.10332851624392875
0.05513440681440723
0.24018941645421216
0.2480480489846334
0.13189579815005958
0.16211488889010467
0.395374114908456
0.2848374435912165
0.42767139498057793
0.2759533768180086
0.11814110201767353
0.23670148155853504
0.12433692555772236
-0.014665100085778038
0.19633592138183864
0.1658613938497856
0.3465159198027002
0.01176333691910969
0.061673094381710813
0.3358412081999015
0.021873037362380165
0.24636083334308678
0.1712288292478174
0.16358037859814772
0.20537098054467012
0.12751719432248854
0.14083583316711384
0.059955713535659094
0.15755182120746763
0.04551842006800094
0.22864149668650596
0.17128230779760378
0.18033735252266142
0.40681201759280033
0.007835814396773444
0.4193881547557339
0.07136251402242338
0.17280667901009134
0.06119527350761361
0.27216540716310755
0.08852936155936819
0.17119612027208064
0.07719377592013227
0.24183235797281954
0.04672884155071655
0.13205492258930468
0.044968095126053875
0.3553645927703929
0.05011247869642699
0.33593542133486287
0.01384728019364967
0.07939580682124475
0.2217036293196113
0.2541775840374607
0.23039998700451786
0.17447807226074374
0.1936615533612493
0.08041101185030008
0.21690795136325097
0.1423267816760485
0.025324609102253037
-0.0029215786537208355
0.01723758358836336
0.09548704307602457
0.0003812213784906704
0.23798394028647507
0.0016035934312229605
0.11915739575008943
0.26373920800124023
-0.04246266554949785
0.1466873032603317
0.032038687088839835
0.03750965833941361
0.20460855598280742
0.1389243912764745
0.15041623530243348
0.16661954423320469
0.30430627153282086
0.19942855693914013
-0.009393011138734142
0.29488164794237354
0.3278166470831077
0.29725357747344416
0.17046519566194163
0.2415772579996766
0.21022966108626728
-0.031525926632613
0.30430627153282086
0.2379251480769795
0.05083112470046797
0.025346486456132078
0.12236542104098536
0.14959909421033685
0.12564072817192545
0.20827571044759574
0.13744925672565883
0.05097323569798873
-0.08414374622282222
0.07312039528174419
0.20158525948358796
0.42558783008687323
0.23114733638531054
0.14386549016975336
-0.02982656691740926
0.23009202450871602
0.34446613235378043
0.09648826680041628
0.10242086769787834
0.1938475765226631
0.1351371281572078
0.12895565982365176
0.037327363503079636
0.3095052457010426
0.009578008107172964
0.05208891093522494
0.056652627444205794
0.16158285240920067
0.06637042824408906
0.2570091831511177
0.13276867000846937
0.11211448333342439
0.10615545408548499
0.245789188848356
0.2709029838265094
0.13393226033099342
0.2256765267229316
0.07929513241150865
0.3050101221916439
0.06640661926808389
0.2601976071053012
0.04577000642152379
0.24440764478332005
0.11410235157655402
0.07549539876630773
0.1111835997306731
0.23935882903597533
0.2373554991467341
0.13796306391442587
0.10268925896699094
0.24046436023855727
0.09648826680041628
0.07363536453892211
0.1927136912003189
0.1799616802497348
0.23421236970506787
0.19123189858054773
0.17284280788525563
0.1258295630449633
0.03964793142025297
-0.00806751763179947
0.1285602396237685
0.13218799793481756
0.1304644553799622
0.19509067110152672
0.12228908570820024
0.1976847664835275
0.2589290555070393
0.10818161728581416
0.21479802816182364
0.22324954961475624
0.1338633085690385
0.04935767269305996
0.3171063934757639
0.10629791099083064
0.23777177477866906
0.13937171588712421
0.041219467707929947
0.15134894123502923
0.2601976071053012
0.18469019673051879
0.2748950735724548
0.25646374178344655
0.15800387180531755
-0.0349650701275514
0.27664182103679624
0.1895831355071403
0.26622524075985315
0.24623312075575715
0.10011042812171655
0.18115521079105962
0.18962231033987498
0.36345734796183
0.3485934930143791
0.140217975790769
0.029414197307836787
0.2977216297116723
0.08180195400450374
0.07653142498837634
0.10069317155572627
0.003988029185929998
0.10232324199812215
0.04246266554949785
0.3061190481407979
0.11660197687586105
0.12981028341292444
0.11608943246453923
0.2441507053730519
0.24523615850427505
0.010758920416028772
0.23355782469655467
0.35515580673869107
0.11292563409679401
0.2007497606082686
0.11233563796788049
0.19130958008687032
0.09900926954109807
0.24560639746622426
0.1193086383809629
0.2601976071053012
0.04631021029114252
0.15392535294005544
0.2523506099315484
0.07778275578835814
0.09080772139514998
-0.05490296663897193
0.119300332731329
0.1833188018732067
0.1602655812311446
0.1657861270139615
0.026790162215617308
0.004560764427226249
0.05208891093522494
0.08604103738133251
0.1549667988281357
0.10325501660934411
0.19944331459792208
0.05277259935750134
0.4253999985193089
0.07812272530906245
0.1297034600323292
0.2126159220297903
0.2055343856074202
0.05583664844490871
0.10507454730857407
0.14391548979826302
0.11327482205987321
0.2535660153476436
0.23745939903231839
0.0408658119763024
0.044968095126053875
0.07535926740712084
0.0651290851075555
0.0674790201887438
0.09477852794443031
0.13303699035256117
0.14656645195793322
0.20740436140195156
0.18562540472480887
0.12858764643432163
0.26540966835665314
0.42767139498057793
0.02828968360540557
0.277479582379822
0.06539148542288792
0.03010286289136177
0.2586726943751141
0.2404185393218956
0.04591460307331363
0.0026657458729870687
-0.0680392422198961
0.2770299591990429
0.2511098998154802
0.021385804984058454
0.09602234003332821
0.08906986982948473
0.2783662429196109
0.012872276826110585
0.06142077658089928
0.17938354949118834
0.12465505621055889
0.22408915224165032
0.1422379633844963
0.20711912408429123
0.2196073034911598
0.023462782001352822
0.11348214501752846
0.1000917408959427
-0.024465234173409123
0.09373585299835552
0.09207122274659535
0.051352038668381506
0.1567406990512269
0.2408491498084152
0.20253437821281806
0.12075317880771946
0.25239235854342007
-0.0016476210722494722
0.1577013007331503
0.14149322772641332
0.057605207454243246
0.24018941645421216
0.1905912244896446
0.35689503423751817
0.4193881547557339
0.2532732036055623
0.10332288972593268
0.05054175599065458
0.3107356658300237
0.26438864769115106
0.2582291656307544
0.2679128161877144
0.3200151841971619
0.4253999985193089
0.3591852453614603
0.12641271228673656
0.11000435610877013
0.03492506352143587
0.14506308271952312
0.2177304419759038
0.27652996811737757
0.08395067413638191
0.08844105945276426
0.1593719011473812
0.42767139498057793
0.11714307899766807
0.4195755453842842
0.16713768773568588
0.23412601913353492
0.16667495981517477
0.11576239324575482
0.10489288759684945
0.1730125864984211
0.1943954658723333
0.1664917270159586
0.20596734702777308
0.31996494637224804
0.07954101325389717
0.1078357218805514
0.3156423926168026
0.1859022958000262
0.18053964384164795
0.16053929253770632
0.3106488849565858
0.20348500356524235
0.10714775903161733
0.159061226661032
-0.006758097853277412
0.20740436140195156
0.15247432625970064
0.021094222306437094
0.25099112017707126
0.19617377160335447
0.42767139498057793
0.21590339223789623
0.26274975359554126
0.1330523499111982
0.017432637435694176
0.2042838657352064
0.16186623109390963
0.11081120061617611
0.22907100384321394
-0.02528291294975432
0.40778471579389824
0.0784038098807388
0.1978909985808563
0.06168678903558811
0.2582984834570739
0.13404126132725303
0.42767139498057793
0.350076601097633
0.1080555553843125
0.2437425252918778
0.15581035134728255
0.12559302298600855
0.21275188144885815
0.1627500236451292
0.07367048529947284
0.07789981474058155
0.14978899233370607
0.1895831355071403
0.002703852974067833
0.1544067371790756
0.042076112981514535
0.18650982050966247
0.10486468935158866
0.31780094890202015
-0.021393838617063288
0.1936478210882258
0.42767139498057793
0.034488609390967984
0.036633397054849415
0.15386010548089402
0.07354919357242162
0.05208891093522494
0.21192594463696451
0.1894616540314335
0.11987375964015362
0.2251569635679181
-0.005819297261420497
0.1818745809490679
0.19005369106935865
0.1585826906646664
0.0994611164567557
0.22607963259214608
0.23779783910898594
0.17382888564060656
0.06133380911615782
0.07803837557035898
-0.0681683337219301
0.12284489022589778
0.0852409372662401
0.1118734161524439
0.34645621718323066
0.08906986982948473
0.18616277601193137
0.19343210555023505
-0.04246266554949785
0.0722770439035268
0.01752022443519019
0.19899355419220144
0.2242146950404162
0.2447992078289043
0.29960505899559337
0.32393208258863854
0.13860689626528105
0.2006176858403717
0.2592257866037305
0.2217036293196113
0.4034297544389247
0.1165676319164099
0.23341795251336722
0.11632270926954652
0.17590666883618788
0.2489545865432296
0.04741577951784243
0.13388551032845508
0.16385633340585598
0.20125399702188845
0.21179000638195367
0.006648612712724433
-0.036633397054849415
0.3086775186634955
0.015445542647147925
0.10925150991977184
0.10706196133662538
0.17754412811039683
0.31324240820372806
0.20435459601638528
0.17594171794656893
0.12075317880771946
0.036633397054849415
0.10955792405594111
0.13785790609478016
0.08488069943901116
0.3549341977263416
0.21170086118590598
0.26574989885788647
0.02797409900572434
0.06751014786443588
0.2502607543524513
0.05083112470046797
0.15582820033597655
0.09767968219358875
0.126789175789085
0.059145413146903525
0.21882330885067552
0.1444921901809751
0.023780374472141208
0.02424740555527244
0.12849535003930607
0.1541807703114343
0.14117554465164195
0.07461817958271638
0.23765171539534657
0.10444931360444559
0.24022641124575955
0.16992864484371012
0.13341550640327038
0.1413427179723875
0.08914642462896838
0.04828878771826561
0.14932822037943705
0.08983128683627939
0.1925221657453683
0.2445209802068371
0.10526249665667137
0.07031758817306016
0.1330846090085912
0.23559561609271895
0.13735645643485483
0.15913226169188177
0.19089825334311628
0.2102989041858292
0.11357052938318485
0.21079073200656545
0.13913582254267448
0.12067004740471277
0.07293006644813954
0.3345237925368018
0.1568757643314314
0.42767139498057793
0.19808084689771743
0.2188594762243397
0.0688113255747772
0.25315656337195863
0.25315656337195863
0.04799007194743926
0.21344795122196142
0.33434169560215
0.19097061932763665
0.1279127921724914
0.25012560654063
0.10117099242982341
0.05679223924388305
0.2324462704226472
0.31358997675955014
0.15052240029343322
0.11457895979052835
0.11756554509531697
0.13641221299119455
0.05208891093522494
0.20841229554275703
0.33722107231959214
0.11481678608585144
0.1629183677631975
0.31780094890202015
0.1535270360687362
0.23670148155853504
0.12150542782618895
0.0024695055679139766
0.21913996029429972
0.11913383738076916
0.009931594995200799
0.24915490758031383
0.10580550045632914
0.13956363470787714
0.21583902000572358
0.0967826027278863
0.16171522379958686
0.10188330552658081
0.2691961793338736
0.08362384760230585
0.23555697190821873
0.08568888944038999
0.25184561555409435
0.10736699673194022
0.10315382443165022
0.19353889387985157
0.21277210266764868
0.401996052166949
0.07714602364598155
0.024372518687849454
0.1095137688978991
0.08811691045518338
0.15242426925918678
0.19366978564585946
0.42767139498057793
0.23157649170696343
0.17578708370193014
0.26069586954986834
0.3262806292462571
0.05650989145329571
-9.85062449359031e-05
0.12234851562753385
-0.005193970791581515
0.20743913249117157
0.10066450286135659
0.02251972941429914
0.09605428623660994
0.20740436140195156
0.10886902009554067
0.24545268624557381
0.15970325647195727
0.09245313698959756
0.22145030102749236
0.09203953692433986
0.25404675391307563
0.07881814479049998
0.19917397725379343
0.3198047219280399
0.08006802617279801
0.10772108566171412
0.03761683247895087
0.199076364168022
0.14193223337214794
0.002561266373311999
0.30234543502164435
0.014895386797371957
0.05061949522192433
0.03939881234359194
0.20740436140195156
0.020467009567167904
0.09567890165509063
0.14710789715274586
0.12936707691328025
0.17754427956246022
0.1030475594396345
0.09515890673258748
0.17765684479013755
0.016939980365725027
0.2570212731675483
0.14449669374228247
0.022497708782068637
0.3912162556691634
0.09713656186962105
0.22669871342482995
0.072510578400106
0.23129418246078548
0.05527610124659388
0.08020171535857978
0.1928084737561166
0.23403897023238535
0.08466903923381958
0.20818140673352709
0.07745322590083625
0.05911231765884323
0.13077106215865275
0.11069798239635159
0.20932591638384346
0.04192484769168042
0.13976596700222227
0.18066142918223893
0.1706962739674983
0.244394601889881
0.23953717423445242
0.13139765845144402
0.06943714351591684
0.08836934973784671
0.12824037364895047
0.17827944434787213
-0.044968095126053875
0.225780998197267
0.25315656337195863
0.35064328046329885
0.10233466873840363
0.33168051855489644
0.29307322018342913
0.044923868667901046
0.1669696349813075
0.08720450461062235
-0.015398913605127962
0.07556029197811204
0.22770514082588994
0.32176555843921645
0.24279803617994755
0.2828559705288742
0.10436306475937118
0.1681003394955653
0.23913077592458543
0.24858027129898808
0.24138872545623313
0.2589520568816549
0.10999529840121003
0.10291215069282517
0.2841778656414245
0.35197100555514615
0.21079076967805727
0.09201496500927692
0.1619989468788564
0.1962742673530382
0.1780642869752302
0.11866667254384888
0.06954819784162075
0.16322807656038402
0.08824704471997091
0.21636696011718598
0.0787197309176153
0.1552998366107603
0.12300530287831929
0.1513933072934615
0.21619069503465366
0.20964959464819816
0.2214873822994255
0.11645161025884293
0.11733670259750367
0.33790381862946856
0.08991438901133542
0.16744756746344458
0.2807735883383377
0.22827225637496124
0.2753418081281915
0.22190271596249317
0.10166724518857895
0.08075981591912168
0.09015989790442819
0.02746220262673371
0.13948782487213168
0.05004795221578301
0.10667402067961951
0.06936217548841123
0.24812385700331208
0.22145030102749236
-0.007469695949714639
0.14076376021322734
0.22039268150174685
-0.005948651555588547
0.2325637727095603
0.12075317880771946
0.09130707778908154
0.31780094890202015
0.1873429368763571
0.14210927250715505
0.1143151690922346
0.09648826680041628
0.15570828651610913
0.0688113255747772
0.13280177859074643
0.3074414647094356
0.24837881222345654
0.30488068902276066
0.24627142772291977
0.036633397054849415
0.08040048155579771
0.11334435962797007
0.10508291909571416
0.26886129227203365
0.13569922552224223
0.16676457420354052
0.09600852334544435
0.22388068342475492
0.1375381860263024
0.01118778434403822
0.04214969357386755
0.23523955816329073
0.03310563034063141
0.2123953432766007
0.07855723581306473
0.21144177908489048
0.1268082648727178
0.12881740612480413
0.2149608944901258
0.13932146782864324
0.17369509500302388
0.008447349623802669
0.10125023378890091
0.19032872672578555
0.09150296723118279
0.10298225530315602
0.3540947771940755
0.1103296220335499
0.036114509270037065
0.06896734986906256
0.33412634033008787
0.30007418541950565
0.06729193618546497
0.056958995734953166
0.018533149710068753
0.20031917583979536
0.3090667824479425
0.1978909985808563
0.29676161627057585
0.28046184014237524
0.225780998197267
-0.05011247869642699
0.05208891093522494
0.23353858592170706
0.10571996951695262
0.2543024703077826
0.30234543502164435
0.14995801652742696
0.08285077232928378
0.25602814195179524
0.21639425103270232
0.09503740324788351
-0.06765430984165444
0.245789188848356
0.06163254544592345
0.07224077426884584
0.33800773234932363
0.20472154644628554
0.1823855286835468
0.32184536829925064
0.17161477965358668
0.11325761090863778
-0.06616456069591026
0.08341629314021853
0.10173134092012392
0.19863842224013717
0.2016209474517887
0.01900949692603554
0.09862776249676963
0.05170518491118131
0.17642177797276098
-0.001742838879655817
0.22212133595429845
0.02593576740876058
0.22666617308508424
0.0516885483831494
-0.003016628236626462
0.055294169143541294
0.26401124185195035
0.1639409703548978
0.11595333656610757
0.009531809819026571
0.19341009923451918
0.2005003952442685
0.21257314655987714
-0.03652240321258704
0.17178054415493282
0.11795863466373985
0.1484639277421102
0.2700108687363082
0.04269220460579892
0.1174085934035044
0.24476992349186227
0.17805829930409112
0.11691078859374548
0.05813181576621912
0.10154553794802751
0.28431706688891817
0.09533835219203513
0.16517454848219287
0.2784915776810749
0.3790531098854667
0.1245682849401259
0.05314994414622243
0.24450044276566102
0.04455952638518568
0.20531653634492553
-0.07271127869260058
0.0814373362333361
0.12013309100050334
0.1967334183812528
0.08284700374862392
0.14341764358949532
0.2485559239684788
0.14616044717207916
0.1842042691398817
0.16833206877481272
0.10259548383170375
0.13118198487334537
0.38496450189494436
0.012642873622354
0.39521397662602636
0.1487186387159773
0.09117885767888312
0.16079374934563812
0.09262674928595516
0.14195328115467454
0.26141412843667833
0.32393208258863854
0.020279495839316264
0.22679103645874332
0.018425274352615206
0.16931820735067094
0.2042806273292257
0.1099784773753229
0.2444782410304917
0.15200736888419641
0.3678123093168037
-0.003016628236626462
0.05660216585204847
0.1733025625948661
0.19913654880450266
0.20043258546152104
0.34620535985260764
0.08131237893208793
0.23278029331873779
0.14900774949467488
0.11081120061617611
0.2016954386685222
-0.009661588186389958
0.19509067110152672
0.10796936306056004
0.1353945049583235
0.0697327250971515
0.10932003365579174
0.09125575495343069
-0.0015862918416714722
-0.004461732343063518
0.10474197738440416
0.11733670259750367
0.10402411069870054
0.04467872641624049
0.07853248537463625
0.004977748213754463
0.08884248399913597
0.07520316641639518