35.885
35.885
26.571666666666673
26.571666666666673
24.696666666666665
27.845
23.52166666666666
23.72333333333333
22.20833333333333
22.775000000000002
21.47833333333333
22.250000000000004
21.24666666666667
21.55166666666667
20.20333333333333
20.150000000000002
20.263333333333332
20.92333333333334
20.00666666666666
20.75
19.973333333333333
19.84166666666667
19.891666666666662
19.451666666666668
19.32166666666667
19.305000000000007
19.255
19.184999999999995
19.491666666666664
19.135
19.15833333333333
19.115000000000006
19.20166666666666
19.099999999999994
19.11666666666667
19.07833333333333
19.048333333333332
19.02666666666667
19.07333333333333
19.01333333333334
18.97
18.999999999999993
18.913333333333338
18.288333333333327
18.055
17.774999999999995
17.71333333333334
17.669999999999998
17.638333333333335
17.574999999999996
17.47333333333333
17.16333333333333
17.161666666666665
16.935
16.945
16.83833333333333
16.891666666666673
16.830000000000002
16.79666666666667
16.738333333333333
16.849999999999998
16.743333333333332
16.66333333333333
16.769999999999996
16.62
16.715000000000003
16.62
16.703333333333337
16.605000000000004
16.56333333333333
16.50166666666667
16.586666666666673
16.461666666666662
16.590000000000003
16.436666666666667
16.556666666666665
16.42
16.520000000000003
16.38166666666667
16.33
16.293333333333337
16.35833333333333
16.27833333333333
16.233333333333334
16.269999999999996
16.26333333333333
16.26333333333333
16.24833333333333
16.241666666666667
16.215000000000003
16.231666666666666
16.221666666666668
16.178333333333327
16.20666666666667
16.200000000000003
16.203333333333337
16.085000000000004
16.000000000000004
16.046666666666663
15.978333333333339