35.885
35.885
26.571666666666673
26.571666666666673
24.696666666666665
27.845
23.52166666666666
23.72333333333333
22.20833333333333
22.775000000000002
21.47833333333333
22.250000000000004
21.24666666666667
21.55166666666667
20.20333333333333
20.150000000000002
20.263333333333332
20.92333333333334
20.00666666666666
20.75
19.973333333333333
19.84166666666667
19.891666666666662
19.451666666666668
19.32166666666667
19.305000000000007
19.255
19.184999999999995
19.491666666666664
19.135
19.15833333333333
19.115000000000006
19.20166666666666
19.099999999999994
19.11666666666667
19.07833333333333
19.048333333333332
19.02666666666667
19.07333333333333
19.01333333333334
18.97
18.999999999999993
18.913333333333338
18.288333333333327
18.055
17.774999999999995
17.71333333333334
17.669999999999998
17.638333333333335
17.574999999999996
17.47333333333333
17.16333333333333
17.161666666666665
16.935
16.945
16.83833333333333
16.891666666666673
16.830000000000002
16.79666666666667
16.738333333333333
16.849999999999998
16.743333333333332
16.66333333333333
16.769999999999996
16.62
16.715000000000003
16.62
16.703333333333337
16.605000000000004
16.56333333333333
16.50166666666667
16.586666666666673
16.461666666666662
16.590000000000003
16.436666666666667
16.556666666666665
16.42
16.520000000000003
16.38166666666667
16.33
16.293333333333337
16.35833333333333
16.27833333333333
16.233333333333334
16.269999999999996
16.26333333333333
16.26333333333333
16.24833333333333
16.241666666666667
16.215000000000003
16.231666666666666
16.221666666666668
16.178333333333327
16.20666666666667
16.200000000000003
16.203333333333337
16.085000000000004
16.000000000000004
16.046666666666663
15.978333333333339
16.023333333333333
15.966666666666661
16.025
15.961666666666662
15.821666666666667
15.75833333333333
15.72
15.736666666666665
15.725
15.696666666666669
15.696666666666669
15.686666666666671
15.693333333333337
15.688333333333338
15.659999999999997
15.495000000000003
15.25833333333333
15.295000000000003
15.25333333333333
15.178333333333338
15.026666666666666
14.975000000000005
14.93
14.93
14.971666666666671
14.92
14.959999999999996
14.896666666666668
14.946666666666664
14.890000000000004
14.93833333333333
14.878333333333337
14.93833333333333
14.868333333333329
14.926666666666666
14.908333333333335
14.871666666666671
14.890000000000004
14.864999999999995
14.881666666666671
14.858333333333329
14.878333333333337
14.851666666666663
14.870000000000005
14.836666666666664
14.868333333333329
14.815000000000001
14.831666666666665
14.81
14.831666666666665
14.803333333333335
14.790000000000003
14.816666666666666
14.79166666666667
14.818333333333333
14.790000000000003
14.823333333333332
14.641666666666664
14.808333333333334
14.803333333333335
14.736666666666665
14.708333333333334
14.690000000000003
14.670000000000005
14.633333333333331
14.633333333333331
14.631666666666664
14.615
14.508333333333335
14.493333333333336
14.511666666666667
14.488333333333337
14.526666666666666
14.466666666666672
14.491666666666669
14.456666666666662
14.490000000000002
14.459999999999996
14.501666666666669
14.43833333333333
14.466666666666672
14.441666666666663
14.458333333333329
14.429999999999998
14.454999999999995
14.41
14.44833333333333
14.424999999999999
14.44833333333333
14.418333333333333
14.28166666666667
14.253333333333329
14.159999999999995
14.033333333333331
14.041666666666664
14.013333333333334
14.041666666666664
14.000000000000002
14.034999999999997
13.98166666666667