0.583861
0.59622
0.0938812
0.443537
0.583861
0.473623
0.261833
0.603336
0.583861
0.347089
0.287889
0.583861
-0.090749
0.473623
0.583861
0.12809
0.603336
0.74366
0.473623
0.443537
0.482276
0.583861
0.0464426
0.583861
0.0938812
0.603336
0.583861
0.0163572
0.506888
0.74366
0.140343
0.583861
0.261833
0.462371
0.250687
-0.12809
0.228147
0.725933
0.583861
0.0683482
0.74366
0.261833
-0.00660034
-0.261833
0.0938812
0.583861
0.603336
0.421632
0.583861
0.373145
0.160248
0.261833
0.261833
0.583861
0.261833
0.421632
0.261833
0.140343
0.373145
0.113356
0.261833
0.583861
0.12809
0.473623
0.583861
0.443537
0.191441
0.421632
0.261833
0.0683482
0.300142
0.473623
0.133294
0.140343
0.261833
0.261833
0.108682
0.421632
-0.105549
0.0464426
0.341952
0.583861
-0.261833
0.352133
0.261833
0.421632
0.261833
0.373145
0.506888
0.74366
