0.319379
0.258356
0.116244
0.140442
0.303488
0.0852205
0.13968
0.289681
0.320114
0.293586
0.19216
0.31186
0.0598919
0.185827
0.298683
0.114196
0.195418
0.448076
0.185827
0.182222
0.264069
0.277529
0.0615712
0.320114
0.116836
0.134699
0.25309
0.0894725
0.224193
0.448076
0.0907983
0.277797
0.12813
0.253559
0.257136
0.0433227
0.120732
0.341593
0.25851
0.0624701
0.447229
0.0990107
0.0718204
0.0347099
0.116836
0.326413
0.235319
0.171143
0.21683
0.178497
0.103722
0.122962
0.114889
0.320961
0.108708
0.200323
0.137199
0.0886167
0.224339
0.0964999
0.128558
0.279478
0.15759
0.142663
0.24019
0.104624
0.109239
0.215287
0.17652
0.0799563
0.208186
0.107605
0.0800646
0.0612503
0.152568
0.147763
0.0702249
0.217354
0.024247
0.0437365
0.0843289
0.299957
0.0224812
0.120854
0.1106
0.170548
0.159302
0.137282
0.178273
0.39446
