0.000218
0.000258
0.000298
0.000303
0.000309
0.000314
0.000319
0.000336
0.00034
0.000363
0.000368
0.000373
0.000377
0.000382
0.000387
0.000392
0.000397
0.000401
0.000405
0.00041
0.000427
0.000431
0.000435
0.00044
0.000444
0.000447
0.000451
0.000455
0.000459
0.000463
0.000467
0.000471
0.000477
0.000481
0.000485
0.000489
0.000493
0.000497
0.000501
0.000505
0.000509
0.000513
0.000517
0.000521
0.000525
0.000529
0.000533
0.000537
0.000541
0.000545
0.000549
0.000553
0.000557
0.000561
0.000564
0.000568
0.000572
0.000576
0.000581
0.000585
0.000589
0.000593
0.000596
0.0006
0.000608
0.000613
0.000616
0.00062
0.000624
0.000629
0.000633
0.000636
0.00064
0.000644
0.000648
0.000652
0.000656
0.00066
0.000664
0.000668
0.000672
0.000675
0.000679
0.000683
0.000687
0.000691
0.000695
0.000699
0.000703
0.000707
0.000711
0.000715
0.000718
0.000722
0.000726
0.00073
0.000734
0.000737
0.000742
0.000745
