0.762928
0.762928
0.0360081
0.762928
0.762928
0.762928
0.29494
1
0.762928
0.194908
0.532012
0.762928
-0.194908
0.762928
0.762928
0.29494
1
1
0.762928
0.762928
0.612219
0.762928
-0.0360081
0.762928
0.0360081
1
0.762928
-0.0360081
0.43198
1
0.114701
0.762928
0.29494
0.582689
0.29494
-0.29494
0.43198
1
0.762928
0.194908
1
0.29494
-0.114701
-0.29494
0.0360081
0.762928
1
0.532012
0.762928
0.43198
0.14423
0.29494
0.29494
0.762928
0.29494
0.532012
0.29494
0.114701
0.43198
0.27308
0.29494
0.762928
0.29494
0.762928
0.762928
0.762928
-0.0360081
0.532012
0.29494
0.194908
0.351773
0.762928
0.0928419
0.114701
0.29494
0.29494
0.27308
0.532012
-0.43198
-0.0360081
0.612219
0.762928
-0.29494
0.582689
0.29494
0.532012
0.29494
0.43198
0.43198
1
