***************
 -0.289419  -0.289419  -0.289419  -0.289419  -0.289419   0.289419  -0.289419  -0.289419  -0.289419  -0.289419 
-0.0967483 -0.0967483   -0.48209   -0.48209   -0.48209    0.48209   -0.48209   -0.48209 -0.0967483   -0.48209 
 -0.365181  -0.365181  -0.213657  -0.750522  -0.750522   0.213657  -0.213657  -0.213657  -0.365181  -0.213657 
 -0.154504  -0.154504  -0.424334  -0.961199  -0.961199   0.424334  -0.424334  -0.424334  -0.154504  -0.424334 
 -0.328171  -0.328171  -0.250667   -1.13487   -1.13487   0.250667  -0.250667  -0.250667  -0.328171  -0.250667 
 -0.180389  -0.180389  -0.398449   -1.28265   -1.28265   0.398449  -0.398449  -0.398449  -0.180389  -0.398449 
-0.0496609 -0.0496609  -0.267721   -1.15192   -1.15192   0.267721  -0.267721  -0.267721 -0.0496609  -0.267721 
 -0.161782  -0.161782    -0.1556   -1.26404   -1.26404     0.1556    -0.1556    -0.1556  -0.161782    -0.1556 
-0.0284763 -0.0284763  -0.288905   -1.39735   -1.39735   0.288905  -0.288905  -0.288905 -0.0284763  -0.288905 
 -0.145766  -0.145766  -0.171616   -1.51463   -1.51463   0.171616  -0.171616  -0.171616  -0.145766  -0.171616 
 -0.040784  -0.040784  -0.276598   -1.61962   -1.61962   0.276598  -0.276598  -0.276598  -0.040784  -0.276598 
 -0.135761  -0.135761   -0.18162   -1.71459   -1.71459    0.18162   -0.18162   -0.18162  -0.135761   -0.18162 
-0.0315047  -0.240018  -0.285877   -1.81885   -1.81885   0.285877 -0.0773634  -0.285877 -0.0315047  -0.285877 
 -0.191292 -0.0802306  -0.126089   -1.65906   -1.65906   0.126089  -0.237151  -0.126089  -0.191292  -0.126089 
-0.0521271  -0.219396  -0.265255   -1.79823   -1.79823   0.265255 -0.0979859  -0.265255 -0.0521271  -0.265255 
 -0.173967 -0.0975559  -0.143415   -1.67639   -1.67639   0.143415  -0.219826  -0.143415  -0.173967  -0.143415 
-0.0655782  -0.205945  -0.251804   -1.78478   -1.78478   0.251804  -0.111437  -0.251804 -0.0655782  -0.251804 
 -0.163428  -0.108095  -0.153953   -1.68693   -1.68693   0.153953  -0.209287  -0.153953  -0.163428  -0.153953 
-0.0677877 -0.0124537  -0.249594   -1.78257   -1.78257   0.249594  -0.304928  -0.249594 -0.0677877  -0.249594 
 0.0113151 -0.0915565  -0.328697   -1.86167   -1.86167   0.328697  -0.225825  -0.328697  0.0113151  -0.328697 
-0.0758154  -0.178687  -0.241566    -1.9488    -1.9488   0.241566  -0.138695  -0.241566 -0.0758154  -0.241566 
 -0.148485  -0.106018  -0.168897   -1.87613   -1.87613   0.168897  -0.211364  -0.168897  -0.148485  -0.168897 
-0.0675306 -0.0250631  -0.249851   -1.95709   -1.95709   0.249851  -0.292319  -0.249851 -0.0675306  -0.249851 
 0.0208384  0.0633058  -0.161482   -1.86872   -1.86872   0.161482   -0.20395  -0.161482  0.0208384  -0.161482 
 0.0914047 -0.00726049  -0.232048   -1.93928   -1.93928   0.232048  -0.133383  -0.232048  0.0914047  -0.232048 
 0.0135523   0.070592  -0.154196   -1.86143   -1.86143   0.154196  -0.211236  -0.154196  0.0135523  -0.154196 
 0.0844743 -0.000330086  -0.225118   -1.93235   -1.93235   0.225118  -0.140314  -0.225118  0.0844743  -0.225118 
 0.0171315  0.0670127  -0.157775   -1.86501   -1.86501   0.157775  -0.207656  -0.157775  0.0171315  -0.157775 
 0.0802197 0.00392447  -0.220864    -1.9281    -1.9281   0.220864  -0.144568  -0.220864  0.0802197  -0.220864 
 0.0208798  0.0632644  -0.161524   -1.86876   -1.86876   0.161524  -0.203908  -0.161524  0.0208798  -0.161524 
 0.0768923 0.00725193  -0.217536   -1.92477   -1.92477   0.217536  -0.147896  -0.217536  0.0768923  -0.217536 
 0.0221958 -0.0474446   -0.16284   -1.97947   -1.97947    0.16284 -0.0931992   -0.16284  0.0221958   -0.16284 
 0.0915743  0.0219339  -0.232218   -2.04885   -2.04885   0.232218  -0.162578  -0.232218  0.0915743  -0.232218 
 0.0267032 -0.0429372  -0.167347   -2.11372   -2.11372   0.167347 -0.0977066  -0.167347  0.0267032  -0.167347 
 0.0876175  0.0179771  -0.228261   -2.17463   -2.17463   0.228261  -0.158621  -0.228261  0.0876175  -0.228261 
 0.0302045 -0.0394358  -0.170848   -2.23204   -2.23204   0.170848  -0.101208  -0.170848  0.0302045  -0.170848 
 0.0844972  0.0148568  -0.225141   -2.28634   -2.28634   0.225141  -0.155501  -0.225141  0.0844972  -0.225141 
 0.0323049  0.0670491  -0.172949   -2.23414   -2.23414   0.172949  -0.207693  -0.172949  0.0323049  -0.172949 
 0.0827309   0.016623  -0.223375   -2.28457   -2.28457   0.223375  -0.157267  -0.223375  0.0827309  -0.223375 
 0.0316756 -0.0344323  -0.172319   -2.33563   -2.33563   0.172319  -0.106211  -0.172319  0.0316756  -0.172319 
 0.0806501  0.0145422  -0.221294    -2.3846    -2.3846   0.221294  -0.155186  -0.221294  0.0806501  -0.221294 
 0.0330532  0.0621392  -0.173697     -2.337     -2.337   0.173697  -0.202783  -0.173697  0.0330532  -0.173697 
 0.0788561  0.0163363    -0.2195   -2.38281   -2.38281     0.2195   -0.15698    -0.2195  0.0788561    -0.2195 
 0.0325534 -0.0299665  -0.173197   -2.42911   -2.42911   0.173197  -0.110677  -0.173197  0.0325534  -0.173197 
 0.0771582  0.0146383  -0.217802   -2.47371   -2.47371   0.217802  -0.155282  -0.217802  0.0771582  -0.217802 
 0.0336987  0.0580978  -0.174342   -2.43025   -2.43025   0.174342  -0.198742  -0.174342  0.0336987  -0.174342 
 0.0756555   0.016141  -0.216299   -2.47221   -2.47221   0.216299  -0.156785  -0.216299  0.0756555  -0.216299 
 0.0332788 -0.0262357  -0.173923   -2.51459   -2.51459   0.173923  -0.114408  -0.173923  0.0332788  -0.173923 
   0.07423  0.0147155  -0.214874   -2.55554   -2.55554   0.214874  -0.155359  -0.214874    0.07423  -0.214874 
  0.034247  0.0546985  -0.174891   -2.51556   -2.51556   0.174891  -0.195342  -0.174891   0.034247  -0.174891 
 0.0729539  0.0159916  -0.213598   -2.55426   -2.55426   0.213598  -0.156635  -0.213598  0.0729539  -0.213598 
 0.0338892 -0.0230732  -0.174533   -2.59333   -2.59333   0.174533  -0.117571  -0.174533  0.0338892  -0.174533 
 0.0717401  0.0147778  -0.212384   -2.63118   -2.63118   0.212384  -0.155422  -0.212384  0.0717401  -0.212384 
    0.1104  0.0534373  -0.173724   -2.59252   -2.59252   0.173724  -0.116762  -0.173724     0.1104  -0.173724 
 0.0728531  0.0909838  -0.136178   -2.55497   -2.55497   0.136178  -0.154309  -0.136178  0.0728531  -0.136178 
  0.109737  0.0540998  -0.173062   -2.59186   -2.59186   0.173062  -0.117425  -0.173062   0.109737  -0.173062 
 0.0741657  0.0896713   -0.13749   -2.55629   -2.55629    0.13749  -0.152996   -0.13749  0.0741657   -0.13749 
  0.108515  0.0553222  -0.171839   -2.59063   -2.59063   0.171839  -0.118647  -0.171839   0.108515  -0.171839 
 0.0753068  0.0885302  -0.138632   -2.55743   -2.55743   0.138632  -0.151855  -0.138632  0.0753068  -0.138632 
  0.107447  0.0563899  -0.170772   -2.58957   -2.58957   0.170772  -0.119715  -0.170772   0.107447  -0.170772 
  0.076308   0.087529  -0.139633   -2.55843   -2.55843   0.139633  -0.150854  -0.139633   0.076308  -0.139633 
  0.106506  0.0573305  -0.169831   -2.58863   -2.58863   0.169831  -0.120655  -0.169831   0.106506  -0.169831 
 0.0770763  0.0867607  -0.140401    -2.5592    -2.5592   0.140401  -0.150085  -0.140401  0.0770763  -0.140401 
 0.0525263  0.0622108  -0.115851   -2.58375   -2.58375   0.115851  -0.125535  -0.115851  0.0525263  -0.115851 
 0.0891879  0.0988723  -0.152513   -2.62041   -2.62041   0.152513  -0.162197  -0.152513  0.0891879  -0.152513 
 0.0539122  0.0635966  -0.117237   -2.65568   -2.65568   0.117237  -0.126921  -0.117237  0.0539122  -0.117237 
 0.0880623  0.0977468  -0.151387   -2.68983   -2.68983   0.151387  -0.161071  -0.151387  0.0880623  -0.151387 
 0.0550404  0.0647248  -0.118365   -2.72285   -2.72285   0.118365  -0.128049  -0.118365  0.0550404  -0.118365 
 0.0870064  0.0966908  -0.150331   -2.75482   -2.75482   0.150331  -0.160016  -0.150331  0.0870064  -0.150331 
 0.0560309  0.0657153  -0.119356    -2.7858    -2.7858   0.119356   -0.12904  -0.119356  0.0560309  -0.119356 
 0.0860755  0.0957599    -0.1494   -2.81584   -2.81584     0.1494  -0.159085    -0.1494  0.0860755    -0.1494 
 0.0569075  0.0665919  -0.120232   -2.84501   -2.84501   0.120232  -0.129917  -0.120232  0.0569075  -0.120232 
 0.0852486   0.094933  -0.148573   -2.87335   -2.87335   0.148573  -0.158258  -0.148573  0.0852486  -0.148573 
 0.0576887  0.0673731  -0.121013   -2.90091   -2.90091   0.121013  -0.130698  -0.121013  0.0576887  -0.121013 
 0.0845092  0.0941936  -0.147834   -2.92773   -2.92773   0.147834  -0.157518  -0.147834  0.0845092  -0.147834 
 0.0583894  0.0680739  -0.121714   -2.95385   -2.95385   0.121714  -0.131399  -0.121714  0.0583894  -0.121714 
 0.0838442  0.0935286  -0.147169    -2.9793    -2.9793   0.147169  -0.156853  -0.147169  0.0838442  -0.147169 
 0.0590214  0.0687058  -0.122346   -3.00413   -3.00413   0.122346  -0.132031  -0.122346  0.0590214  -0.122346 
 0.0832428  0.0929273  -0.146568   -3.02835   -3.02835   0.146568  -0.156252  -0.146568  0.0832428  -0.146568 
 0.0595943  0.0692788  -0.122919     -3.052     -3.052   0.122919  -0.132603  -0.122919  0.0595943  -0.122919 
 0.0826964  0.0923808  -0.146021    -3.0751    -3.0751   0.146021  -0.155706  -0.146021  0.0826964  -0.146021 
 0.0601161  0.0698005  -0.123441   -3.09768   -3.09768   0.123441  -0.133125  -0.123441  0.0601161  -0.123441 
 0.0831894  0.0467272  -0.146514   -3.12075   -3.12075   0.146514  -0.110052  -0.146514  0.0831894  -0.146514 
 0.0554289  0.0744877  -0.118754   -3.09299   -3.09299   0.118754  -0.137812  -0.118754  0.0554289  -0.118754 
 0.0824394  0.0474772  -0.145764      -3.12      -3.12   0.145764  -0.110802  -0.145764  0.0824394  -0.145764 
 0.0561395  0.0737771  -0.119464    -3.0937    -3.0937   0.119464  -0.137102  -0.119464  0.0561395  -0.119464 
 0.0817653  0.0481513   -0.14509   -3.11933   -3.11933    0.14509  -0.111476   -0.14509  0.0817653   -0.14509 
 0.0567799  0.0731367  -0.120105   -3.09434   -3.09434   0.120105  -0.136461  -0.120105  0.0567799  -0.120105 
 0.0811561  0.0487605  -0.144481   -3.11872   -3.11872   0.144481  -0.112085  -0.144481  0.0811561  -0.144481 
 0.0573601  0.0725565  -0.120685   -3.09492   -3.09492   0.120685  -0.135881  -0.120685  0.0573601  -0.120685 
 0.0806029  0.0493137  -0.143928   -3.11817   -3.11817   0.143928  -0.112638  -0.143928  0.0806029  -0.143928 
 0.0578881  0.0720285  -0.121213   -3.09545   -3.09545   0.121213  -0.135353  -0.121213  0.0578881  -0.121213 
 0.0804673  0.0946077  -0.143792   -3.11803   -3.11803   0.143792  -0.157932  -0.143792  0.0804673  -0.143792 
  0.105036   0.119176  -0.119224   -3.09346   -3.09346    0.16836  -0.133364  -0.119224   0.105036  -0.119224 
 0.0826796    0.09682   -0.14158   -3.11582   -3.11582   0.146004   -0.15572 -0.0968678  0.0826796   -0.14158 
  0.104544  0.0749555  -0.163444   -3.13768   -3.13768   0.167869  -0.133856  -0.118732   0.104544  -0.163444 
 0.0826718  0.0968278  -0.141572   -3.11581   -3.11581   0.145997  -0.155728 -0.0968599  0.0826718  -0.141572 
  0.104076  0.0754237  -0.162976   -3.13722   -3.13722   0.167401  -0.134324  -0.118264   0.104076  -0.162976 
 0.0831204  0.0963792  -0.142021   -3.11626   -3.11626   0.146445  -0.155279 -0.0973085  0.0831204  -0.142021 
  0.103646  0.0758539  -0.162546   -3.13679   -3.13679    0.16697  -0.134754  -0.117834   0.103646  -0.162546 
***************
 -0.289419  -0.289419   0.289419  -0.289419  -0.289419  -0.289419  -0.289419  -0.289419  -0.289419  -0.289419 
-0.0967483   -0.48209    0.48209   -0.48209   -0.48209 -0.0967483   -0.48209 -0.0967483   -0.48209   -0.48209 
 -0.365181  -0.213657   0.213657  -0.750522  -0.213657  -0.365181  -0.213657  -0.365181  -0.750522  -0.213657 
 -0.154504  -0.424334   0.424334  -0.961199  -0.424334  -0.154504  -0.424334  -0.154504  -0.961199  -0.424334 
 -0.328171  -0.250667   0.250667   -1.13487  -0.250667  -0.328171  -0.250667  -0.328171   -1.13487  -0.250667 
 -0.180389  -0.398449   0.398449   -1.28265  -0.398449  -0.180389  -0.398449  -0.180389   -1.28265  -0.398449 
-0.0496609  -0.267721   0.267721   -1.15192  -0.267721 -0.0496609  -0.267721 -0.0496609   -1.15192  -0.267721 
 -0.161782    -0.1556     0.1556   -1.26404    -0.1556  -0.161782    -0.1556  -0.161782   -1.26404    -0.1556 
-0.0284763  -0.288905   0.288905   -1.39735  -0.288905 -0.0284763  -0.288905 -0.0284763   -1.39735  -0.288905 
 -0.145766  -0.171616   0.171616   -1.51463  -0.171616  -0.145766  -0.171616  -0.145766   -1.51463  -0.171616 
 -0.040784  -0.276598   0.276598   -1.61962  -0.276598  -0.040784  -0.276598  -0.040784   -1.61962  -0.276598 
 -0.135761   -0.18162    0.18162   -1.71459   -0.18162  -0.135761   -0.18162  -0.135761   -1.71459   -0.18162 
 -0.240018  -0.285877  0.0773634   -1.81885 -0.0773634 -0.0315047  -0.285877 -0.0315047   -1.61034 -0.0773634 
 -0.399806  -0.126089   0.237151   -1.97864  -0.237151  -0.191292  -0.445665  -0.191292   -1.77012  -0.237151 
 -0.538971  -0.265255  0.0979859    -2.1178 -0.0979859 -0.0521271   -0.58483 -0.0521271   -1.63096 -0.0979859 
 -0.660811  -0.143415   0.219826   -2.23964  -0.219826  -0.173967   -0.70667  -0.173967    -1.7528  -0.219826 
   -0.7692  -0.251804   0.111437   -2.34803  -0.111437 -0.0655782  -0.815059 -0.0655782   -1.64441  -0.111437 
  -0.86705  -0.153953   0.209287   -2.44588  -0.209287  -0.163428  -0.912909  -0.163428   -1.74226  -0.209287 
 -0.771409  -0.249594   0.304928   -2.54152  -0.304928 -0.0677877   -1.00855 -0.0677877    -1.8379  -0.304928 
 -0.850512  -0.328697   0.225825   -2.62063  -0.225825  0.0113151   -1.08765  0.0113151    -1.7588  -0.225825 
 -0.937643  -0.241566   0.138695   -2.70776  -0.138695 -0.0758154   -1.00052 -0.0758154   -1.84593  -0.138695 
  -1.01031  -0.168897   0.211364   -2.78043  -0.211364  -0.148485   -1.07319  -0.148485    -1.9186  -0.211364 
 -0.929358  -0.249851   0.292319   -2.86138  -0.292319 -0.0675306   -1.15415 -0.0675306   -1.99955  -0.292319 
 -0.840989  -0.161482    0.20395   -2.77301   -0.20395  0.0208384   -1.06578  0.0208384   -1.91118   -0.20395 
 -0.911555  -0.232048   0.133383   -2.84358  -0.133383  0.0914047   -1.13634  0.0914047   -1.84062  -0.133383 
 -0.989408  -0.154196   0.211236   -2.92143  -0.211236  0.0135523    -1.2142  0.0135523   -1.91847  -0.211236 
  -1.06033  -0.225118   0.140314   -2.99235  -0.140314  0.0844743   -1.28512  0.0844743   -1.84755  -0.140314 
  -1.12767  -0.157775   0.207656    -3.0597  -0.207656  0.0171315   -1.35246  0.0171315   -1.91489  -0.207656 
  -1.19076  -0.220864   0.144568   -3.12278  -0.144568  0.0802197   -1.41555  0.0802197    -1.8518  -0.144568 
   -1.2501  -0.161524   0.203908   -3.18212  -0.203908  0.0208798   -1.47489  0.0208798   -1.91114  -0.203908 
  -1.30611  -0.217536   0.147896   -3.23814  -0.147896  0.0768923    -1.5309  0.0768923   -1.85513  -0.147896 
  -1.36081   -0.16284  0.0931992   -3.29283 -0.0931992  0.0221958    -1.4762  0.0221958   -1.90983 -0.0931992 
  -1.29143  -0.232218   0.162578   -3.36221  -0.162578  0.0915743   -1.54558  0.0915743   -1.97921  -0.162578 
   -1.3563  -0.167347  0.0977066   -3.42708 -0.0977066  0.0267032   -1.48071  0.0267032   -2.04408 -0.0977066 
  -1.29539  -0.228261   0.158621     -3.488  -0.158621  0.0876175   -1.54163  0.0876175   -2.10499  -0.158621 
   -1.3528  -0.170848   0.101208   -3.54541  -0.101208  0.0302045   -1.48421  0.0302045    -2.1624  -0.101208 
  -1.29851  -0.225141   0.155501    -3.5997  -0.155501  0.0844972   -1.53851  0.0844972    -2.2167  -0.155501 
   -1.3507  -0.172949   0.207693   -3.65189  -0.207693  0.0323049    -1.5907  0.0323049   -2.26889  -0.207693 
  -1.40113  -0.223375   0.157267   -3.70232  -0.157267  0.0827309   -1.64112  0.0827309   -2.21846  -0.157267 
  -1.45218  -0.172319   0.106211   -3.75338  -0.106211  0.0316756   -1.59007  0.0316756   -2.26952  -0.106211 
  -1.40321  -0.221294   0.155186   -3.80235  -0.155186  0.0806501   -1.63904  0.0806501   -2.31849  -0.155186 
   -1.4508  -0.173697   0.202783   -3.84995  -0.202783  0.0330532   -1.68664  0.0330532   -2.36609  -0.202783 
  -1.49661    -0.2195    0.15698   -3.89575   -0.15698  0.0788561   -1.73244  0.0788561   -2.32029   -0.15698 
  -1.54291  -0.173197   0.110677   -3.94205  -0.110677  0.0325534   -1.68614  0.0325534   -2.36659  -0.110677 
  -1.49831  -0.217802   0.155282   -3.98666  -0.155282  0.0771582   -1.73075  0.0771582   -2.41119  -0.155282 
  -1.54176  -0.174342   0.198742   -4.03012  -0.198742  0.0336987   -1.77421  0.0336987   -2.45465  -0.198742 
  -1.58372  -0.216299   0.156785   -4.07207  -0.156785  0.0756555   -1.81616  0.0756555    -2.4127  -0.156785 
   -1.6261  -0.173923   0.114408   -4.11445  -0.114408  0.0332788   -1.77379  0.0332788   -2.45507  -0.114408 
  -1.58515  -0.214874   0.155359    -4.1554  -0.155359    0.07423   -1.81474    0.07423   -2.49602  -0.155359 
  -1.62513  -0.174891   0.195342   -4.19538  -0.195342   0.034247   -1.85472   0.034247   -2.53601  -0.195342 
  -1.66384  -0.213598   0.156635   -4.23409  -0.156635  0.0729539   -1.89343  0.0729539    -2.4973  -0.156635 
   -1.7029  -0.174533   0.117571   -4.27316  -0.117571  0.0338892   -1.85436  0.0338892   -2.53637  -0.117571 
  -1.66505  -0.212384   0.155422   -4.31101  -0.155422  0.0717401   -1.89221  0.0717401   -2.57422  -0.155422 
  -1.62639  -0.173724   0.116762   -4.27235  -0.116762     0.1104   -1.85355     0.1104   -2.53556  -0.116762 
  -1.66394  -0.136178   0.154309   -4.30989  -0.154309  0.0728531    -1.8911  0.0728531    -2.5731  -0.154309 
  -1.70082  -0.173062   0.117425   -4.34678  -0.117425   0.109737   -1.92798   0.109737   -2.53622  -0.117425 
  -1.73639   -0.13749   0.152996   -4.38235  -0.152996  0.0741657   -1.96356  0.0741657   -2.57179  -0.152996 
  -1.77074  -0.171839   0.118647    -4.4167  -0.118647   0.108515    -1.9979   0.108515   -2.53744  -0.118647 
  -1.80395  -0.138632   0.151855   -4.44991  -0.151855  0.0753068   -2.03111  0.0753068   -2.57065  -0.151855 
  -1.83609  -0.170772   0.119715   -4.48205  -0.119715   0.107447   -2.06325   0.107447   -2.53851  -0.119715 
  -1.86723  -0.139633   0.150854   -4.51319  -0.150854   0.076308   -2.09439   0.076308   -2.56965  -0.150854 
  -1.89743  -0.169831   0.120655   -4.54338  -0.120655   0.106506   -2.12459   0.106506   -2.53945  -0.120655 
  -1.92686  -0.140401  0.0912251   -4.57281  -0.150085  0.0770763   -2.15402  0.0770763   -2.56888  -0.150085 
  -1.95141  -0.115851  0.0666751   -4.59736  -0.125535  0.0525263   -2.12947  0.0525263   -2.59343  -0.125535 
  -1.91475  -0.152513   0.103337   -4.63403  -0.162197  0.0891879   -2.16613  0.0891879   -2.63009  -0.162197 
  -1.95002  -0.117237   0.068061    -4.6693  -0.126921  0.0539122   -2.13086  0.0539122   -2.66537  -0.126921 
  -1.91587  -0.151387   0.102211   -4.70345  -0.161071  0.0880623   -2.16501  0.0880623   -2.69952  -0.161071 
  -1.94889  -0.118365  0.0691892   -4.73647  -0.128049  0.0550404   -2.13198  0.0550404   -2.73254  -0.128049 
  -1.91693  -0.150331   0.101155   -4.76844  -0.160016  0.0870064   -2.16395  0.0870064   -2.76451  -0.160016 
   -1.9479  -0.119356  0.0701796   -4.79942   -0.12904  0.0560309   -2.13297  0.0560309   -2.79548   -0.12904 
  -1.91786    -0.1494   0.100224   -4.82946  -0.159085  0.0860755   -2.16302  0.0860755   -2.82553  -0.159085 
  -1.94703  -0.120232  0.0710562   -4.85863  -0.129917  0.0569075   -2.13385  0.0569075   -2.85469  -0.129917 
  -1.91869  -0.148573  0.0993974   -4.88697  -0.158258  0.0852486   -2.16219  0.0852486   -2.88303  -0.158258 
  -1.94625  -0.121013  0.0718375   -4.91453  -0.130698  0.0576887   -2.13463  0.0576887   -2.91059  -0.130698 
  -1.91943  -0.147834   0.098658   -4.94135  -0.157518  0.0845092   -2.16145  0.0845092   -2.93741  -0.157518 
  -1.94555  -0.121714  0.0725382   -4.96747  -0.131399  0.0583894   -2.13533  0.0583894   -2.96353  -0.131399 
  -1.92009  -0.147169   0.097993   -4.99292  -0.156853  0.0838442   -2.16079  0.0838442   -2.98899  -0.156853 
  -1.94491  -0.122346  0.0731702   -5.01775  -0.132031  0.0590214   -2.13597  0.0590214   -3.01381  -0.132031 
  -1.92069  -0.146568  0.0973916   -5.04197  -0.156252  0.0832428   -2.16019  0.0832428   -3.03803  -0.156252 
  -1.94434  -0.122919  0.0737431   -5.06562  -0.132603  0.0595943   -2.13654  0.0595943   -3.06168  -0.132603 
  -1.92124  -0.146021  0.0968452   -5.08872  -0.155706  0.0826964   -2.15964  0.0826964   -3.08478  -0.155706 
  -1.94382  -0.123441  0.0742649    -5.1113  -0.133125  0.0601161   -2.13706  0.0601161   -3.10736  -0.133125 
  -1.96689  -0.146514  0.0511915   -5.13437  -0.110052  0.0831894   -2.16013  0.0831894   -3.08429  -0.110052 
  -1.99465  -0.118754   0.078952   -5.16213  -0.137812  0.0554289   -2.18789  0.0554289   -3.11205  -0.137812 
  -2.02166  -0.145764  0.0519416   -5.18914  -0.110802  0.0824394    -2.2149  0.0824394   -3.08504  -0.110802 
  -2.04796  -0.119464  0.0782415   -5.21544  -0.137102  0.0561395    -2.2412  0.0561395   -3.11134  -0.137102 
  -2.07359   -0.14509  0.0526157   -5.24107  -0.111476  0.0817653   -2.26683  0.0817653   -3.08572  -0.111476 
  -2.09857  -0.120105  0.0776011   -5.26605  -0.136461  0.0567799   -2.29182  0.0567799    -3.1107  -0.136461 
  -2.12295  -0.144481  0.0532248   -5.29043  -0.112085  0.0811561   -2.31619  0.0811561   -3.08632  -0.112085 
  -2.14675  -0.120685  0.0770209   -5.31423  -0.135881  0.0573601   -2.33999  0.0573601   -3.11012  -0.135881 
  -2.16999  -0.143928   0.053778   -5.33747  -0.112638  0.0806029   -2.36323  0.0806029   -3.08688  -0.112638 
   -2.1927  -0.121213  0.0764929   -5.36018  -0.135353  0.0578881   -2.38595  0.0578881   -3.10959  -0.135353 
  -2.17012  -0.143792  0.0990721   -5.38276  -0.157932  0.0804673   -2.40852  0.0804673   -3.13217  -0.157932 
  -2.14556  -0.119224  0.0745038    -5.3582  -0.133364   0.105036   -2.38396   0.105036    -3.1076  -0.133364 
  -2.16791   -0.14158  0.0521478   -5.38055   -0.15572  0.0826796   -2.40631  0.0826796   -3.12996   -0.15572 
  -2.18978  -0.163444  0.0302833   -5.40242  -0.133856   0.104544   -2.42818   0.104544   -3.10809  -0.133856 
  -2.21165  -0.141572  0.0521556   -5.42429  -0.155728  0.0826718   -2.45005  0.0826718   -3.12997  -0.155728 
  -2.23305  -0.162976  0.0307515   -5.44569  -0.134324   0.104076   -2.47145   0.104076   -3.10856  -0.134324 
  -2.25401  -0.142021   0.051707   -5.46665  -0.155279  0.0831204   -2.49241  0.0831204   -3.12952  -0.155279 
  -2.27453  -0.162546  0.0311817   -5.48717  -0.134754   0.103646   -2.51293   0.103646   -3.10899  -0.134754 
