0.000289
0.00034
0.000385
0.000434
0.00048
0.000524
0.000568
0.000612
0.000657
0.000701
0.000745
0.000786
0.000831
0.000874
0.000915
0.000957
0.000997
0.001037
0.001077
0.001119
0.001159
0.001204
0.001247
0.001289
0.00133
0.001369
0.00141
0.00145
0.001491
0.001535
0.001576
0.001617
0.001657
0.0017
0.001741
0.001783
0.001824
0.001864
0.001905
0.001944
0.001983
0.002024
0.002065
0.002104
0.002146
0.002183
0.002223
0.002265
0.002309
0.002351
0.002391
0.002433
0.002475
0.002514
0.002555
0.002593
0.002635
0.00268
0.002721
0.002762
0.002802
0.002842
0.002884
0.002924
0.002966
0.003008
0.003045
0.003103
0.003168
0.003225
0.003271
0.003315
0.003358
0.003399
0.003491
0.003548
0.003614
0.00367
0.003721
0.003785
0.003865
0.003933
0.003993
0.004048
0.004091
0.004132
0.004174
0.00422
0.004261
0.004305
0.004352
0.004416
0.004473
0.004517
0.004563
0.004608
0.004669
0.004753
0.004796
0.004838
