0.468079
0.468079
0.210738
0.378088
0.115565
0.492227
0.198974
0.270623
0.255186
0.246327
0.389512
0.380574
0.451779
0.287418
0.217137
0.207516
0.468079
0.492227
0.319944
0.412087
0.149222
0.43298
0.412087
0.287418
0.106639
0.395933
0.311041
0.103534
0.445993
0.445993
0.310752
0.131555
0.139059
0.269694
0.40005
0.392556
0.105849
0.351249
0.105849
0.347257
0.285853
0.196313
0.445993
0.445993
0.347257
0.310752
0.200199
0.220885
0.412087
0.0831248
0.373601
0.246327
0.246327
0.294655
0.287418
0.138916
0.468079
0.289395
0.296721
0.244797
0.451779
0.305629
0.468079
0.392556
0.292203
0.359208
0.198478
0.336203
0.468079
0.326585
0.373601
0.0882173
0.256345
0.164306
0.412087
0.309513
0.260905
0.246327
0.327704
0.275139
0.359208
0.349203
0.0682418
0.492227
0.306187
0.213869
0.392556
0.386944
0.149222
0.412087
0.27017
0.340005
0.441232
0.265096
0.332586
0.468079
0.297811
0.373327
0.269691
0.378088
0.468079
0.412087
0.139059
0.302902
0.196313
0.287418
0.492227
0.078994
0.310752
0.245337
0.291236
0.49467
0.187386
0.405111
0.323989
0.265096
0.197831
0.20672
0.196313
0.451779
0.283425
0.458229
0.184407
0.246327
0.338611
0.316551
0.108156
0.0862314
0.246327
0.103534
0.371662
0.239632
0.306187
0.414175
0.108621
0.492227
0.12739
0.49467
0.385377
0.306187
0.249621
0.246327
0.338582
0.149222
0.412087
0.270737
0.335668
0.347257
0.309513
0.105849
0.319139
0.184407
0.347257
0.332966
0.267551
0.35604
0.412087
0.451779
0.217137
0.184407
0.0876726
0.320587
0.0837311
0.392556
0.273742
0.412087
0.312116
0.0925839
0.245407
0.184407
0.136749
0.317454
0.227726
0.365399
0.310752
0.458229
0.2117
0.251053
0.0828125
0.306187
0.326734
0.304954
0.196313
0.412087
0.297811
0.291236
0.373601
0.251366
0.332966
0.196406
0.412087
0.149222
0.412087
0.492227
0.153917
0.228563
0.206218
0.340855
0.16593
0.218319
0.262518
0.326734
0.334106
0.340242
0.28429
0.36936
0.289839
0.115565
0.36936
0.375991
0.196368
0.412087
0.468079
0.246327
0.272702
0.244971
0.218744
0.255186
0.567215
0.262518
0.332586
0.0608526
0.378088
0.445993
0.22265
0.26633
0.310752
0.362568
0.332586
0.323989
0.336203
0.250794
0.40005
0.230852
0.182468
0.275139
0.326734
0.0682418
0.294655
0.310752
0.184698
0.399397
0.115565
0.360176
0.394618
0.451779
0.468079
0.492227
0.287418
0.294655
0.325144
0.345779
0.566815
0.326734
0.306375
0.140875
0.326734
0.451779
0.43618
0.251366
0.320648
0.412087
0.217137
0.412087
0.326734
0.246327
0.412087
0.166501
0.351249
0.311719
0.492227
0.159543
0.0709628
0.236392
0.497372
0.218319
0.297811
0.246327
0.0828125
0.291236
0.294655
0.492227
0.329379
0.312124
0.287418
0.412087
0.289839
0.136749
0.218319
0.309513
0.122357
0.412087
0.353268
0.228563
0.380574
0.233671
0.338582
0.253896
0.451779
0.349203
0.32487
0.327899
0.343112
0.326734
0.492227
0.305629
0.262059
0.286614
0.236644
0.305629
0.492227
0.304954
0.412087
0.262059
0.492227
0.239632
0.217137
0.206218
0.468079
0.395933
0.289928
0.179408
0.178915
0.202786
0.468079
0.379634
0.316018
0.327003
0.305354
0.49467
0.492227
0.445993
0.473828
0.407203
0.347257
0.46375
0.335668
0.323989
0.344286
0.492227
0.342758
0.173057
0.323989
0.0862314
0.336203
0.216432
0.198974
0.445993
0.247645
0.492227
0.280723
0.347257
0.309513
0.270206
0.170135
0.445993
0.445993
0.219611
0.201974
0.317367
0.49467
0.325144
0.284867
0.347257
0.492227
0.401336
0.248045
0.468079
0.264314
0.465375
0.139194
0.198617
0.184407
0.28194
0.256345
0.3069
0.405512
0.332586
0.473828
0.412087
0.340855
0.36936
0.251185
0.412087
0.213806
0.492227
0.302902
0.436319
0.451779
0.198974
0.291236
0.154452
0.451779
0.267551
0.127357
0.294655
0.217654
0.305354
0.436319
0.285934
0.132609
0.246327
0.100303
0.214981
0.49467
0.412087
0.317825
0.346978
0.492227
0.270737
0.319944
0.412087
0.347257
0.443289
0.136749
0.275139
0.427326
0.132609
0.106714
0.306187
0.179408
0.422565
0.395933
0.246327
0.297811
0.340242
0.260905
0.336203
0.323989
0.293819
0.218319
0.441232
0.441232
0.246327
0.163828
0.220876
0.246327
0.445993
0.379059
0.32487
0.0926256
0.269694
0.323989
0.246327
0.323989
0.305629
0.492227
0.132609
0.132474
0.246327
0.248045
0.451779
0.352074
0.170417
0.306187
0.163163
0.385377
0.303814
0.232808
0.139059
0.310752
0.184132
0.306187
0.309513
0.411244
0.32487
0.189873
0.445993
0.0862314
0.492227
0.350692
0.108986
0.353761
0.392556
0.323989
0.412087
0.327899
0.287418
0.394455
0.246327
0.305629
0.3069
0.267218
0.442427
0.262518
0.492227
0.404175
0.451779
0.32701
0.130889
0.468079
0.451779
0.299765
0.372784
0.0925839
0.110108
0.338611
0.281778
0.246327
0.346978
0.392556
0.381768
0.36066
0.213806
0.246327
0.361001
0.184407
0.468079
0.411244
0.256243
0.323989
0.408192
0.260196
0.448509
0.184407
0.492227
0.346978
0.184407
0.372784
0.138916
0.193867
0.149412
0.150693
0.293775
0.347212
0.340798
0.220722
0.168316
0.19958
0.227957
0.188287
0.242062
0.168212
0.236443
0.204218
0.367945
0.171662
0.168316
0.179787
0.138157
0.170561
0.19958
0.19137
0.124213
0.184844
0.153796
0.335335
0.139053
0.387318
0.153796
0.315372
0.232648
0.157213
0.324989
0.246261
0.183422
0.309374
0.293775
0.310759
0.264928
0.219121
0.221754
0.293775
0.347212
0.375571
0.274225
0.142985
0.200155
0.293775
0.235868
0.300787
0.292434
0.197291
0.168316
0.309374
0.201775
0.259307
0.261527
0.367945
0.168316
0.179787
0.204218
0.250522
0.236443
0.248678
0.192883
0.153796
0.402293
0.323288
0.333856
0.196362
0.188619
0.248594
0.387318
0.120327
0.369635
0.272551
0.268888
0.402293
0.193554
0.260115
0.324989
0.166971
0.210765
0.374248
0.338494
0.186951
0.127779
0.328443
0.207438
0.149656
0.273936
0.116722
0.165253
0.211961
0.205774
0.09896
0.0972553
0.309374
0.163957
0.204218
0.387318
0.133543
0.0917259
0.170561
0.209743
0.217099
0.14552
0.110867
0.085381
0.184844
0.102417
0.281072
0.273483
0.211208
0.124213
0.181387
0.0868368
0.316502
0.164752
0.220166
0.205076
0.100807
0.293775
0.324989
0.246261
0.146484
0.172665
0.293775
0.328443
0.239658
0.261492
0.237522
0.180757
0.168316
0.180757
0.259307
0.227957
0.153396
0.26186
0.157213
0.146694
0.23324
0.237944
0.204218
0.318675
0.230354
0.168316
0.127201
0.126178
0.170561
0.225941
0.229004
0.270641
0.126611
0.402293
0.323288
0.108479
0.233972
0.387318
0.153796
0.350263
0.400492
0.236263
0.253577
0.291227
0.276835
0.176035
0.189872
0.293775
0.293775
0.186951
0.127779
0.186981
0.293775
0.332897
0.199457
0.147295
0.202985
0.196422
0.274618
0.186951
0.09896
0.133543
0.293775
0.165253
0.261527
0.26186
0.133543
0.133543
0.109316
0.204218
0.239054
0.242153
0.153796
0.273483
0.173721
0.154962
0.300787
0.387318
0.158983
0.281072
0.216362
0.217337
0.291227
0.291227
0.1562
0.293775
0.300041
0.146484
0.188669
0.293775
0.279459
0.170152
0.150693
0.293775
0.221754
0.0899858
0.145219
0.131924
0.0911274
0.274618
0.205774
0.0972553
0.107944
0.204218
0.387318
0.133543
0.0917259
0.092333
0.170561
0.207659
0.239054
0.17891
0.104061
0.153796
0.273483
0.268517
0.140064
0.387318
0.315963
0.180062
0.232648
0.242062
0.1562
0.246261
0.130387
0.153321
0.293775
0.239658
0.246261
0.219121
0.221754
0.293775
0.347212
0.340798
0.218924
0.168316
0.218924
0.259307
0.153396
0.292434
0.197291
0.168316
0.269528
0.204218
0.367945
0.217444
0.156926
0.170561
0.225941
0.173489
0.124213
0.344544
0.359829
0.173721
0.181387
0.345946
0.387698
0.314019
0.268888
0.402293
0.247096
0.314128
0.324989
0.189718
0.309374
0.293775
0.341982
0.280527
0.213792
0.207438
0.358649
0.347212
0.261492
0.375571
0.345286
0.200641
0.255212
0.295547
0.279168
0.188287
0.26186
0.168316
0.309374
0.405016
0.208055
0.236547
0.293775
0.215853
0.270641
0.201775
0.214351
0.097749
0.281072
0.323288
0.395452
0.196362
0.248594
0.102417
0.315372
0.307324
0.285188
0.276835
0.402293
0.324989
0.371719
0.374248
0.280527
0.207438
0.358649
0.261492
0.375571
0.292633
0.293775
0.235868
0.270878
0.270213
0.188287
0.292434
0.20377
0.309374
0.236547
0.261527
0.208055
0.168316
0.293775
0.161669
0.225941
0.270641
0.236547
0.154962
0.184844
0.131747
0.335335
0.323288
0.373934
0.248594
0.131747
0.315372
0.311561
0.307324
0.301987
0.291227
0.402293
0.228327
0.260115
0.324989
0.171921
0.374248
0.358649
0.310759
0.175044
0.149412
0.150693
0.293775
0.347212
0.190431
0.215056
0.149412
0.161684
0.180757
0.206721
0.196362
0.153396
0.186951
0.100578
0.214417
0.206721
0.204218
0.171609
0.198313
0.126178
0.1853
0.0884617
0.151187
0.153796
0.335335
0.273483
0.124213
0.181387
0.387318
0.153796
0.281072
0.276835
0.157213
0.279459
0.324989
0.0570768
0.158473
0.216523
