0.000272
0.000326
0.000372
0.00042
0.000465
0.00051
0.000553
0.000597
0.000641
0.000686
0.00073
0.000771
0.000816
0.000859
0.0009
0.000941
0.00098
0.00102
0.001059
0.001101
0.00114
0.001187
0.00123
0.001273
0.001315
0.001354
0.001396
0.001436
0.001477
0.001522
0.001564
0.001605
0.001645
0.001689
0.001732
0.001773
0.001814
0.001854
0.001896
0.001935
0.001975
0.002015
0.002057
0.002119
0.002164
0.002215
0.002255
0.002298
0.002342
0.002384
0.002425
0.002467
0.002509
0.002548
0.002589
0.002627
0.00267
0.002715
0.002757
0.002799
0.002839
0.00288
0.002922
0.002962
0.003005
0.003048
0.003106
0.003147
0.00319
0.003233
0.003279
0.003324
0.003367
0.003408
0.003468
0.003556
0.00362
0.003683
0.003741
0.003783
0.003857
0.003922
0.003998
0.004092
0.004139
0.004181
0.004225
0.004273
0.004314
0.004371
0.004419
0.004495
0.004539
0.004583
0.004628
0.004673
0.004716
0.004759
0.0048
0.004843
0.004888
0.004934
0.004979
0.005021
0.005065
0.005107
0.005148
0.005192
0.005234
0.005278
0.00532
0.005363
0.005405
0.005467
0.005533
0.005606
0.00567
0.005737
0.005779
0.005819
0.005859
0.005899
0.005942
0.005982
0.006021
0.00606
0.006112
0.006151
0.006195
0.006237
0.006281
0.006324
0.006364
0.006402
0.006443
0.00648
0.006521
0.006558
0.006597
0.006638
0.00668
0.006721
0.006762
0.006801
0.00684
0.006881
0.006925
0.006964
0.007002
0.007043
