0.000272
0.00032
0.000368
0.000414
0.000461
0.000505
0.00055
0.000593
0.000637
0.000681
0.000725
0.000768
0.000813
0.000857
0.000902
0.000946
0.000989
0.001032
0.001076
0.001119
0.001163
0.001206
0.001254
0.001297
0.00134
0.001382
0.001426
0.001469
0.001512
0.001555
0.001598
0.001642
0.001685
0.00173
0.001774
0.001817
0.00186
0.001903
0.001947
0.00199
0.002032
0.002075
0.002118
0.002161
0.002205
0.00225
0.002293
0.002335
0.002378
0.00242
0.002463
0.002506
0.002549
0.002592
0.002635
0.002679
0.002723
0.002767
0.00281
0.002854
0.002896
0.002939
0.002981
0.003024
0.003069
0.003111
0.003153
0.003196
0.00324
0.003283
0.003327
0.003371
0.003413
0.003455
0.003498
0.003541
0.003583
0.003626
0.003671
0.003715
0.003759
0.003803
0.003846
0.003889
0.003931
0.003974
0.004015
0.004057
0.00412
0.004165
0.00421
0.004255
0.0043
0.004346
0.004423
0.004499
0.004582
0.004643
0.004711
0.004791
0.00484
0.004888
0.004942
0.004996
0.005045
0.005095
0.005145
0.005196
0.005255
0.005304
0.005351
0.005398
0.005446
0.005495
0.005542
0.005589
0.005636
0.005684
0.00573
0.005779
0.005826
0.005874
0.005921
0.005969
0.006018
0.006067
0.006118
0.006167
0.00622
0.00627
0.006318
0.006365
0.006413
0.00646
0.006507
0.006555
0.006604
0.006652
0.006698
0.006746
0.006795
0.006843
0.006892
0.00694
0.006987
0.007034
0.00708
0.007127
0.007174
0.007222
