0.000237
0.000262
0.000285
0.000319
0.000339
0.000362
0.000383
0.000403
0.000424
0.000444
0.000464
0.000483
0.000504
0.000525
0.000547
0.000569
0.000589
0.000609
0.000629
0.000648
0.000669
0.00069
0.00071
0.000729
0.000748
0.000769
0.000791
0.000813
0.000832
0.000851
0.00087
0.000889
0.00091
0.00093
0.00095
0.00097
0.000989
0.001009
0.001029
0.001048
0.001068
0.001088
0.001106
0.001125
0.001146
0.001166
0.001186
0.001205
0.001225
0.001245
0.001263
0.001282
0.001301
0.001319
0.001338
0.001358
0.001376
0.001395
0.001414
0.001433
0.001454
0.001475
0.001495
0.001514
0.001536
0.001555
0.001574
0.001595
0.001617
0.001635
0.001654
0.001672
0.001691
0.001711
0.001732
0.001753
0.001771
0.00179
0.001808
0.001828
0.001848
0.001868
0.001888
0.001907
0.001927
0.001947
0.001967
0.001985
0.002005
0.002023
0.002041
0.00206
0.002079
0.002097
0.002116
0.002134
0.002153
0.002171
0.002191
0.002211
0.002232
0.002252
0.002271
0.002293
0.002311
0.00233
0.002349
0.002369
0.002407
0.002429
0.002484
0.002508
0.002529
0.002561
0.00258
0.002599
0.002617
0.002635
0.002653
0.002672
0.002692
0.002713
0.002735
0.002756
0.002777
0.002798
0.002816
0.002834
0.002856
0.002876
0.002895
0.002914
0.002934
0.002953
0.002972
0.002991
0.003009
0.003029
0.003049
0.003068
0.00309
0.003109
0.003129
0.003148
0.003168
0.003187
0.003207
0.003228
0.003248
0.003267
