0.200559
0.206581
0.14853
0.145198
0.1348
0.179993
0.146515
0.119925
0.0961591
0.158034
0.209022
0.16886
0.19708
0.178614
0.161063
0.16251
0.216169
0.172269
0.175491
0.175836
0.105968
0.21699
0.212983
0.190471
0.0647151
0.206581
0.20077
0.0536985
0.17399
0.17785
0.145003
0.0593387
0.0951226
0.144298
0.191906
0.148917
0.0749339
0.213407
0.0749339
0.150479
0.163688
0.149027
0.210773
0.17399
0.170059
0.175611
0.0891921
0.174588
0.175836
0.0500105
0.180921
0.150069
0.164293
0.163755
0.178614
0.0986466
0.18211
0.150629
0.152142
0.144494
0.164157
0.19652
0.239558
0.179441
0.152294
0.179396
0.0701602
0.207275
0.227702
0.143163
0.20655
0.072864
0.130409
0.128736
0.161242
0.208084
0.109112
0.165758
0.150911
0.163755
0.193167
0.175518
-0.0157389
0.180844
0.173809
0.113283
0.206202
0.134602
0.0943502
0.168112
0.147953
0.192274
0.148917
0.12619
0.193167
0.239558
0.158972
0.204465
0.167638
0.195572
0.239558
0.194524
0.0951226
0.195747
0.131376
0.17089
0.161242
0.0588625
0.156031
0.166452
0.151263
0.179334
0.12813
0.213116
0.159874
0.160274
0.130441
0.127292
0.136974
0.19708
0.101774
0.171345
0.132985
0.167998
0.184093
0.176265
0.0412164
0.0440029
0.134977
0.0730812
0.210838
0.170598
0.165025
0.201004
0.103586
0.175518
0.11088
0.17399
0.201768
0.150911
0.138357
0.167998
0.147094
0.0943502
0.168112
0.216882
0.192648
0.181029
0.16886
0.0749339
0.170073
0.128615
0.177273
0.181127
0.209483
0.156262
0.145214
0.128714
0.17144
0.158551
0.0527127
0.196492
-0.000830234
0.160072
0.172727
0.175836
0.187503
0.0582742
0.132098
0.145039
0.118882
0.210686
0.17639
0.225087
0.156031
0.171345
0.117973
0.153543
0.0563169
0.181533
0.186959
0.178874
0.149027
0.168112
0.173473
0.145003
0.20655
0.126922
0.156507
0.100194
0.157084
0.0943502
0.157084
0.203903
0.119669
0.16251
0.0549967
0.135767
0.218491
0.134857
0.189533
0.192178
0.140424
0.217344
0.181127
0.176277
0.168967
0.1348
0.199257
0.203667
0.161198
0.175836
0.192259
0.164293
0.157765
0.169594
0.178146
0.0961591
0.257612
0.179659
0.193167
0.0195664
0.193385
0.210773
0.153929
0.181385
0.162253
0.127581
0.216065
0.156602
0.207275
0.1704
0.191906
0.131062
0.150658
0.156031
0.186959
-0.0157389
0.163755
0.139392
0.106467
0.210838
0.1348
0.196169
0.19612
0.164157
0.19708
0.180844
0.117988
0.10021
0.188796
0.189134
0.256265
0.186959
0.152393
0.0787715
0.186959
0.161637
0.16127
0.155298
0.201558
0.199746
0.161063
0.157084
0.186959
0.165758
0.157084
0.113549
0.213407
0.152294
0.161242
0.144408
0.0429525
0.101664
0.210131
0.155616
0.152713
0.125632
0.0563169
0.189397
0.156031
0.161242
0.163164
0.162074
0.159863
0.175836
0.194609
0.125141
0.186377
0.169248
0.118017
0.187692
0.197171
0.16251
0.16886
0.119269
0.147094
0.134586
0.239558
0.175518
0.170073
0.212032
0.167525
0.186959
0.149371
0.199828
0.126504
0.137376
0.107553
0.203561
0.236665
0.170272
0.15285
0.126504
0.180844
0.170598
0.164777
0.0909396
0.19708
0.170059
0.145804
0.112766
0.204367
0.128599
0.164157
0.143881
0.138157
0.194274
0.170073
0.182592
0.180844
0.206913
0.179557
0.183895
0.150479
0.220784
0.192648
0.186118
0.16886
0.180844
0.159874
0.073481
0.156602
0.0440029
0.207275
0.122367
0.125755
0.17785
0.128898
0.180844
0.194768
0.181029
0.195606
0.153502
0.108309
0.206913
0.210773
0.125622
0.172929
0.165777
0.174964
0.169377
0.186575
0.182113
0.213767
0.190424
0.116237
0.218437
0.194979
0.213161
0.122553
0.14009
0.116758
0.148766
0.189397
0.163688
0.240129
0.167525
0.21248
0.157084
0.16869
0.180647
0.145909
0.168112
0.178225
0.179993
0.186012
0.208557
0.204116
0.125755
0.156031
0.114061
0.164157
0.209483
0.120478
0.16229
0.146515
0.182387
0.244
0.128527
0.0368451
0.154445
0.115665
0.143805
0.204026
0.199746
0.124924
0.173627
0.180844
0.192533
0.175491
0.199746
0.137063
0.246964
0.118882
0.175611
0.229811
0.0368451
0.0750499
0.150911
0.100712
0.19371
0.206581
0.154445
0.158972
0.20632
0.120983
0.145195
0.168472
0.165438
0.155616
0.189134
0.152777
0.160274
0.102409
0.12813
0.125632
0.182221
0.192178
0.170073
0.0890127
0.136196
0.15258
0.160704
0.192797
0.180663
0.180844
0.0368451
0.0695212
0.142701
0.116237
0.164157
0.206454
0.131614
0.150911
0.13461
0.19303
0.199257
0.157639
0.0568351
0.132111
0.0864505
0.169419
0.16886
0.198857
0.170073
0.0377949
0.182221
0.0440029
0.172269
0.199257
0.0533222
0.160927
0.192613
0.192378
0.168112
0.1327
0.159863
0.201004
0.154445
0.169377
0.163688
0.14419
0.185099
0.198135
0.179993
0.19314
0.19708
0.212032
0.114086
0.204116
0.239558
0.158634
0.197171
0.0582742
0.0725431
0.179352
0.158669
0.141952
0.173627
0.18184
0.200603
0.194752
0.178225
0.140855
0.193706
0.132985
0.239558
0.285913
0.172573
0.190524
0.218016
0.130991
0.206771
0.128615
0.172269
0.19314
0.113405
0.197171
0.105941
0.145202
0.0838792
0.143948
0.160993
0.206988
0.228248
0.0975515
0.12527
0.185033
0.163298
0.126194
0.145056
0.134699
0.18684
0.159729
0.211566
0.160363
0.112793
0.115127
0.12019
0.154509
0.185597
0.144024
0.130743
0.133371
0.129789
0.180113
0.100508
0.211566
0.151776
0.148882
0.185304
0.0995601
0.18538
0.158294
0.117394
0.17502
0.172133
0.175203
0.156691
0.144994
0.137436
0.172133
0.200729
0.240604
0.236023
0.0997979
0.17398
0.175656
0.177739
0.194919
0.165041
0.138237
0.12527
0.16388
0.169062
0.173046
0.213565
0.193704
0.12527
0.108868
0.159729
0.134232
0.177739
0.131001
0.192025
0.129789
0.200628
0.196742
0.229477
0.166816
0.144082
0.175972
0.222707
0.123866
0.196363
0.198789
0.186216
0.212297
0.130943
0.144503
0.189067
0.0987742
0.125744
0.183844
0.192001
0.118842
0.0966118
0.178771
0.13455
0.107822
0.224534
0.076563
0.120927
0.145011
0.162163
0.0572663
0.11692
0.16388
0.144776
0.159729
0.211566
0.11692
0.0540885
0.154509
0.103498
0.17398
0.113925
0.121298
0.0775152
0.133371
0.159309
0.141137
0.195686
0.120139
0.127857
0.145011
0.163814
0.212425
0.140022
0.169287
0.137006
0.0561462
0.160993
0.141741
0.153805
0.119846
0.1262
0.152391
0.169633
0.139524
0.173917
0.118014
0.152616
0.121501
0.152616
0.174935
0.163298
0.126194
0.165041
0.128876
0.134699
0.195995
0.14564
0.159729
0.189844
0.17398
0.116668
0.0841671
0.115039
0.154509
0.125939
0.134232
0.168316
0.0709517
0.200628
0.195686
0.0882885
0.175972
0.211566
0.151776
0.164969
0.239163
0.198789
0.186216
0.169287
0.170513
0.161294
0.129754
0.152391
0.160993
0.118842
0.0966118
0.148253
0.160993
0.175835
0.0745432
0.102825
0.134699
0.1355
0.15201
0.123486
0.0572663
0.11692
0.152391
0.131001
0.213565
0.148703
0.11692
0.11692
0.0893012
0.159729
0.191568
0.19968
0.171821
0.201945
0.118286
0.14302
0.191205
0.211566
0.159309
0.141137
0.157428
0.170983
0.169287
0.157521
0.106773
0.156688
0.143149
0.107374
0.112647
0.16388
0.139129
0.0983787
0.148253
0.160993
0.147464
0.0304615
0.139248
0.134699
0.10839
0.169604
0.162163
0.11692
0.0709517
0.159729
0.211566
0.11692
0.0540885
0.0568326
0.154509
0.0964418
0.191568
0.155046
0.0775152
0.179824
0.201945
0.173975
0.113067
0.211566
0.143773
0.154344
0.170983
0.157793
0.114067
0.149944
0.119846
0.11084
0.152391
0.147874
0.156691
0.144994
0.156603
0.172133
0.201614
0.228248
0.17398
0.12527
0.187533
0.179305
0.0937803
0.164895
0.138237
0.12527
0.195995
0.147415
0.200984
0.125603
0.138805
0.154509
0.165113
0.0646925
0.119254
0.195686
0.204643
0.118286
0.145011
0.170778
0.219099
0.222346
0.186216
0.200531
0.142818
0.156907
0.196093
0.125744
0.17502
0.172133
0.184264
0.165041
0.149197
0.13455
0.180957
0.195355
0.182267
0.228248
0.156691
0.135789
0.181274
0.188279
0.179686
0.0937803
0.152564
0.12527
0.16388
0.205173
0.150934
0.173652
0.167054
0.13951
0.177146
0.169062
0.192025
0.0767454
0.152278
0.204036
0.263783
0.166816
0.175972
0.123866
0.184459
0.198789
0.192032
0.174374
0.180016
0.177815
0.200078
0.183844
0.165041
0.115813
0.180957
0.182267
0.228248
0.156691
0.175656
0.181274
0.181325
0.191205
0.0937803
0.165041
0.161294
0.16388
0.165302
0.213565
0.150934
0.12527
0.167054
0.124102
0.17119
0.177146
0.167818
0.154509
0.0583884
0.0765485
0.14772
0.184264
0.263783
0.175972
0.12898
0.184459
0.173902
0.198789
0.192032
0.181497
0.207926
0.139293
0.144503
0.186438
0.0951849
0.199931
0.163531
0.168944
0.106525
0.0764837
0.148253
0.160993
0.201614
0.173917
0.0860321
0.0809552
0.116002
0.148856
0.143975
0.148725
0.126194
0.118745
0.0622195
0.169446
0.160817
0.154509
0.12898
0.195763
0.121298
0.118558
0.0660263
0.128152
0.129789
0.188618
0.201945
0.127857
0.145011
0.211566
0.156147
0.143773
0.157793
0.105819
0.139129
0.159093
0.0139776
0.124688
0.133878
