0.468808
0.468808
0.187184
0.382585
0.102415
0.496174
0.196782
0.28376
0.262298
0.215659
0.394642
0.390938
0.445147
0.257537
0.219662
0.213148
0.468808
0.496174
0.322326
0.428891
0.147618
0.434003
0.428891
0.257537
0.118214
0.393418
0.319881
0.0995876
0.441256
0.441256
0.294082
0.109471
0.144999
0.276209
0.386944
0.38144
0.121033
0.339109
0.121033
0.345126
0.27694
0.160156
0.441256
0.441256
0.345126
0.294082
0.176556
0.24948
0.428891
0.0951508
0.349428
0.225001
0.225001
0.282299
0.257537
0.105921
0.468808
0.294314
0.312339
0.218695
0.445147
0.290332
0.468808
0.372098
0.316936
0.329551
0.208369
0.322054
0.468808
0.320119
0.349428
0.0921695
0.223049
0.171405
0.428891
0.327703
0.258679
0.215659
0.31707
0.268015
0.329551
0.350968
0.0789722
0.496174
0.30132
0.22213
0.372098
0.361619
0.147618
0.428891
0.276938
0.362502
0.429732
0.259441
0.310064
0.468808
0.279294
0.355749
0.289615
0.382585
0.468808
0.428891
0.144999
0.283259
0.180731
0.257537
0.496174
0.0843427
0.294082
0.241123
0.278599
0.489548
0.164853
0.40606
0.30552
0.23874
0.18149
0.186759
0.160156
0.445147
0.29398
0.449868
0.162672
0.225001
0.347222
0.332308
0.111492
0.109105
0.215659
0.0902448
0.385674
0.222618
0.30132
0.406735
0.120017
0.496174
0.145755
0.489548
0.406255
0.30132
0.2363
0.225001
0.337152
0.147618
0.428891
0.233584
0.327705
0.345126
0.327703
0.121033
0.318107
0.162672
0.345126
0.330669
0.265585
0.366446
0.428891
0.445147
0.219662
0.162672
0.0891135
0.326248
0.11213
0.38144
0.281797
0.428891
0.290004
0.118221
0.233262
0.162672
0.127585
0.323955
0.207198
0.371437
0.294082
0.449868
0.211107
0.245307
0.0860353
0.280618
0.348717
0.322585
0.171388
0.428891
0.269951
0.279797
0.349428
0.219405
0.330669
0.17921
0.428891
0.147618
0.428891
0.496174
0.140355
0.228554
0.226455
0.326696
0.152623
0.221055
0.262904
0.359948
0.3355
0.340635
0.282377
0.37989
0.293579
0.102415
0.37989
0.396002
0.186948
0.428891
0.468808
0.225001
0.267314
0.238327
0.210541
0.262298
0.568916
0.262904
0.310064
0.0750657
0.382585
0.441256
0.210187
0.244619
0.294082
0.356333
0.310064
0.296177
0.322054
0.234955
0.407645
0.222561
0.208261
0.268015
0.359948
0.0789722
0.282299
0.303425
0.190747
0.417743
0.102415
0.36669
0.406578
0.445147
0.468808
0.496174
0.26688
0.282299
0.304617
0.323343
0.564939
0.359948
0.309929
0.147621
0.359948
0.445147
0.433729
0.228747
0.336038
0.428891
0.219662
0.428891
0.348717
0.215659
0.428891
0.164393
0.339109
0.331221
0.496174
0.174953
0.0691621
0.243094
0.486584
0.221055
0.269951
0.225001
0.0860353
0.279797
0.282299
0.496174
0.319484
0.302407
0.257537
0.428891
0.293579
0.136927
0.221055
0.327703
0.126393
0.428891
0.376311
0.228554
0.390938
0.247004
0.337152
0.221291
0.445147
0.350968
0.340848
0.310255
0.317768
0.348717
0.496174
0.299675
0.253124
0.275191
0.222251
0.299675
0.496174
0.322585
0.428891
0.253124
0.496174
0.222618
0.219662
0.226455
0.468808
0.393418
0.312821
0.144892
0.189132
0.194419
0.468808
0.369757
0.313801
0.338724
0.305995
0.489548
0.496174
0.441256
0.461286
0.413776
0.345126
0.477748
0.327705
0.296177
0.364376
0.496174
0.319258
0.191305
0.296177
0.109105
0.322054
0.21457
0.196782
0.441256
0.247647
0.496174
0.264497
0.345126
0.327703
0.235655
0.148121
0.441256
0.441256
0.230304
0.173258
0.319251
0.489548
0.304617
0.309116
0.345126
0.496174
0.372154
0.264047
0.468808
0.254723
0.460874
0.142396
0.226807
0.162672
0.251127
0.223049
0.292346
0.410037
0.310064
0.461286
0.428891
0.326696
0.37989
0.242862
0.428891
0.24588
0.496174
0.283259
0.436623
0.445147
0.196782
0.279797
0.152112
0.445147
0.265585
0.154894
0.291642
0.210455
0.305995
0.436623
0.294967
0.140279
0.215659
0.106703
0.185052
0.489548
0.428891
0.317145
0.329941
0.496174
0.242927
0.333558
0.428891
0.345126
0.442204
0.127585
0.268015
0.416361
0.140279
0.0953313
0.280618
0.144892
0.404837
0.393418
0.215659
0.279294
0.340635
0.258679
0.312711
0.296177
0.28531
0.221055
0.429732
0.429732
0.225001
0.14283
0.197087
0.225001
0.441256
0.398248
0.340848
0.0958865
0.276209
0.30552
0.225001
0.30552
0.299675
0.496174
0.140279
0.137944
0.215659
0.264047
0.445147
0.350221
0.16525
0.30132
0.156114
0.406255
0.308054
0.226628
0.144999
0.303425
0.198903
0.280618
0.327703
0.404625
0.340848
0.190498
0.441256
0.109105
0.496174
0.354995
0.116827
0.368472
0.38144
0.30552
0.428891
0.330956
0.257537
0.392336
0.215659
0.290332
0.292346
0.253332
0.414033
0.262904
0.496174
0.371808
0.445147
0.309604
0.144596
0.468808
0.445147
0.284817
0.390596
0.118221
0.125679
0.347222
0.295634
0.225001
0.329941
0.38144
0.396517
0.36336
0.24588
0.225001
0.38503
0.162672
0.468808
0.404625
0.278733
0.296177
0.408315
0.259075
0.430355
0.162672
0.496174
0.329941
0.162672
0.390596
0.105921
0.193963
0.143576
0.169977
0.291862
0.36102
0.325371
0.224451
0.164054
0.197007
0.228378
0.192673
0.22924
0.152757
0.234104
0.207203
0.368579
0.181324
0.164054
0.19168
0.138629
0.161999
0.197007
0.198146
0.117912
0.172454
0.139902
0.336989
0.130313
0.38276
0.139902
0.311553
0.220082
0.145953
0.313488
0.243534
0.175434
0.30328
0.291862
0.327911
0.257198
0.186323
0.22387
0.291862
0.351677
0.362044
0.27664
0.130593
0.186841
0.291862
0.223569
0.294786
0.277332
0.209508
0.164054
0.30328
0.188027
0.25828
0.249151
0.368579
0.164054
0.182337
0.186635
0.240634
0.234104
0.240095
0.182066
0.139902
0.393721
0.303531
0.305245
0.192829
0.175217
0.243484
0.38276
0.115404
0.38248
0.251557
0.259707
0.393721
0.185581
0.245618
0.313488
0.159382
0.19467
0.37115
0.350637
0.175873
0.119998
0.317238
0.211243
0.13969
0.276429
0.102561
0.164514
0.216669
0.202678
0.108948
0.100818
0.30328
0.157905
0.186635
0.38276
0.12738
0.0942322
0.161999
0.195714
0.20983
0.143182
0.117834
0.0894883
0.172454
0.0945744
0.276602
0.277045
0.210651
0.117912
0.181868
0.0831699
0.329772
0.157961
0.213213
0.194447
0.102185
0.291862
0.313488
0.243534
0.141433
0.174569
0.291862
0.317238
0.229817
0.267641
0.236748
0.179545
0.164054
0.179545
0.267623
0.228378
0.135925
0.254952
0.155296
0.137006
0.243251
0.239564
0.207203
0.315675
0.210053
0.164054
0.140766
0.119699
0.161999
0.215293
0.216183
0.269585
0.126894
0.393721
0.303531
0.107934
0.232781
0.38276
0.139902
0.368301
0.405384
0.224995
0.2485
0.276449
0.265914
0.172758
0.189901
0.291862
0.291862
0.175873
0.119998
0.196539
0.291862
0.33905
0.195787
0.12494
0.18943
0.199751
0.263585
0.175873
0.108948
0.12738
0.291862
0.155171
0.249151
0.254952
0.12738
0.12738
0.0983848
0.186635
0.235613
0.23497
0.139902
0.286388
0.15569
0.150581
0.294786
0.38276
0.15856
0.266062
0.208633
0.208875
0.276449
0.276449
0.167629
0.291862
0.295227
0.129433
0.188162
0.291862
0.269892
0.163576
0.169977
0.291862
0.233213
0.0923342
0.152294
0.146896
0.10084
0.263585
0.202678
0.100818
0.122565
0.186635
0.38276
0.12738
0.0942322
0.106655
0.161999
0.206852
0.235613
0.176965
0.103161
0.139902
0.286388
0.252599
0.151755
0.38276
0.322809
0.181591
0.220082
0.22924
0.167629
0.243534
0.12965
0.140952
0.291862
0.229817
0.243534
0.186323
0.233213
0.291862
0.36102
0.325371
0.221281
0.164054
0.230623
0.245781
0.135925
0.277332
0.209508
0.164054
0.269812
0.207203
0.368579
0.205355
0.152368
0.161999
0.215293
0.164491
0.117912
0.340281
0.36615
0.15569
0.19429
0.333932
0.36481
0.281911
0.259707
0.393721
0.235993
0.295268
0.313488
0.191264
0.30328
0.291862
0.350765
0.268616
0.19552
0.211243
0.359732
0.351677
0.267641
0.362044
0.339876
0.185894
0.247842
0.276063
0.265863
0.192673
0.254952
0.164054
0.30328
0.416099
0.198482
0.2247
0.291862
0.206557
0.260242
0.188027
0.214619
0.0861138
0.266062
0.303531
0.38455
0.192829
0.243484
0.0945744
0.311553
0.288231
0.283368
0.265914
0.393721
0.313488
0.371342
0.37115
0.268616
0.2019
0.359732
0.267641
0.362044
0.290115
0.291862
0.223569
0.258006
0.272406
0.192673
0.277332
0.204826
0.30328
0.2247
0.249151
0.198482
0.164054
0.291862
0.170406
0.215293
0.260242
0.2247
0.150581
0.193021
0.123763
0.336989
0.303531
0.3688
0.243484
0.123763
0.311553
0.288379
0.288231
0.295664
0.276449
0.393721
0.201554
0.245618
0.313488
0.157785
0.37115
0.359732
0.318568
0.167158
0.144851
0.169977
0.291862
0.36102
0.204405
0.207205
0.123009
0.153257
0.179545
0.194867
0.192829
0.135925
0.175873
0.121279
0.216446
0.216709
0.186635
0.168258
0.187239
0.129041
0.168918
0.0917433
0.147818
0.139902
0.336989
0.286388
0.117912
0.181868
0.38276
0.139902
0.266062
0.265914
0.155296
0.269892
0.313488
0.0665197
0.157173
0.222958
