0.454479
0.463329
0.183197
0.373445
0.108556
0.489376
0.196084
0.287839
0.256728
0.20883
0.387985
0.386821
0.440413
0.257548
0.224467
0.211435
0.454479
0.489376
0.32278
0.418168
0.141858
0.433475
0.418168
0.257548
0.108941
0.370225
0.332238
0.104897
0.432285
0.432285
0.295503
0.110085
0.147163
0.263204
0.357918
0.374299
0.121028
0.330513
0.121028
0.33916
0.276982
0.165415
0.432285
0.432285
0.33031
0.295503
0.178856
0.237069
0.418168
0.0845793
0.34847
0.219552
0.219552
0.283933
0.257548
0.113201
0.463329
0.302676
0.290015
0.226558
0.440413
0.280575
0.463329
0.363578
0.292072
0.326321
0.194735
0.3145
0.463329
0.313545
0.34847
0.0920042
0.22161
0.162868
0.418168
0.332662
0.26308
0.20883
0.306033
0.257577
0.326321
0.345535
0.08516
0.489376
0.293038
0.212781
0.363578
0.348077
0.133008
0.418168
0.278935
0.359592
0.405365
0.229722
0.312873
0.463329
0.281647
0.351995
0.288512
0.373445
0.463329
0.418168
0.147163
0.287114
0.190345
0.257548
0.489376
0.0821082
0.295503
0.23636
0.279869
0.45423
0.155279
0.387985
0.303339
0.219552
0.182413
0.196183
0.165415
0.440413
0.290935
0.444653
0.15642
0.219552
0.336988
0.32966
0.111468
0.108493
0.194231
0.0941757
0.39041
0.225476
0.293038
0.397856
0.132257
0.489376
0.146229
0.46335
0.414732
0.293038
0.21495
0.219552
0.334054
0.133008
0.418168
0.24458
0.304906
0.33031
0.332662
0.121028
0.295821
0.15642
0.33031
0.304
0.258354
0.360086
0.418168
0.440413
0.224467
0.167962
0.0807141
0.33083
0.115956
0.374299
0.284134
0.418168
0.305604
0.114978
0.232332
0.15642
0.134935
0.311725
0.214463
0.382041
0.295503
0.444653
0.2145
0.259403
0.0762355
0.282241
0.347063
0.312308
0.179623
0.418168
0.270925
0.269147
0.34847
0.223117
0.294881
0.165365
0.418168
0.133008
0.418168
0.489376
0.133422
0.224812
0.220074
0.317404
0.166257
0.222793
0.269827
0.371281
0.318939
0.335401
0.263816
0.371844
0.295704
0.108556
0.380964
0.39507
0.191884
0.418168
0.463329
0.219552
0.256761
0.258052
0.204367
0.256728
0.556439
0.259214
0.326321
0.0846532
0.373445
0.423435
0.209335
0.252044
0.295503
0.352024
0.312873
0.292618
0.3145
0.238425
0.382687
0.21495
0.209081
0.257577
0.361271
0.08516
0.283933
0.306224
0.187534
0.412166
0.108556
0.349246
0.431174
0.440413
0.463329
0.489376
0.268269
0.283933
0.306931
0.319703
0.547335
0.361271
0.30398
0.13185
0.361271
0.440413
0.431294
0.233839
0.341262
0.418168
0.224467
0.418168
0.347063
0.20883
0.418168
0.171745
0.330513
0.318428
0.489376
0.181675
0.0728398
0.26585
0.473375
0.212181
0.270925
0.204953
0.0762355
0.269147
0.283933
0.489376
0.311922
0.294422
0.257548
0.418168
0.286854
0.145657
0.222793
0.332662
0.134229
0.418168
0.374
0.224812
0.386821
0.229114
0.325205
0.222882
0.440413
0.345535
0.329799
0.294039
0.314751
0.347063
0.489376
0.302838
0.265506
0.257316
0.214513
0.302838
0.489376
0.312308
0.418168
0.265506
0.489376
0.225476
0.236009
0.219183
0.463329
0.370225
0.32966
0.148356
0.191596
0.201343
0.463329
0.347309
0.316124
0.316548
0.303671
0.45423
0.489376
0.423435
0.453772
0.385275
0.33916
0.478379
0.304906
0.292618
0.366015
0.489376
0.303339
0.191887
0.292618
0.108493
0.3145
0.210744
0.187234
0.432285
0.240314
0.489376
0.274193
0.33916
0.346597
0.223358
0.141657
0.432285
0.423435
0.235954
0.156669
0.294881
0.45423
0.306931
0.293291
0.33031
0.489376
0.374104
0.25895
0.463329
0.250073
0.45968
0.135609
0.22027
0.15642
0.257042
0.22161
0.281509
0.38797
0.326321
0.453772
0.418168
0.326254
0.371844
0.232969
0.418168
0.239133
0.489376
0.287114
0.438541
0.440413
0.187234
0.269147
0.154309
0.440413
0.258354
0.148331
0.294655
0.202742
0.294821
0.438541
0.291584
0.133804
0.20883
0.100689
0.179623
0.45423
0.418168
0.301461
0.34847
0.489376
0.24376
0.336988
0.418168
0.33916
0.444533
0.134935
0.257577
0.409227
0.133804
0.0801308
0.268269
0.148356
0.391157
0.370225
0.20883
0.281647
0.335401
0.26308
0.303778
0.292618
0.281175
0.213943
0.405365
0.405365
0.219552
0.133471
0.200119
0.204953
0.432285
0.385951
0.329799
0.112802
0.272323
0.303339
0.219552
0.303339
0.291297
0.489376
0.133804
0.135967
0.194231
0.25895
0.440413
0.339105
0.169742
0.293038
0.149197
0.414732
0.303545
0.210581
0.147163
0.306224
0.188138
0.282241
0.332662
0.38309
0.338649
0.185853
0.432285
0.108493
0.489376
0.366756
0.103082
0.371844
0.374299
0.303339
0.418168
0.318809
0.257548
0.361565
0.20883
0.280575
0.281509
0.236971
0.422821
0.269827
0.489376
0.371674
0.440413
0.305731
0.124076
0.463329
0.440413
0.277537
0.400356
0.114978
0.129266
0.336988
0.296307
0.219552
0.335023
0.374299
0.382071
0.350347
0.239133
0.219552
0.37039
0.15642
0.463329
0.37424
0.272606
0.292618
0.403494
0.262167
0.434893
0.15642
0.489376
0.360012
0.15642
0.400356
0.113201
0.197069
0.147808
0.172267
0.291988
0.360695
0.334203
0.225694
0.147106
0.196115
0.216978
0.193011
0.241078
0.146969
0.243631
0.200806
0.39611
0.193389
0.147106
0.171718
0.156877
0.167504
0.196115
0.188884
0.123528
0.192184
0.14546
0.343497
0.14391
0.39611
0.14546
0.32031
0.212191
0.134369
0.310652
0.242109
0.174113
0.301107
0.291988
0.335978
0.251228
0.214464
0.215703
0.291988
0.349973
0.356014
0.277329
0.123665
0.198056
0.291988
0.216921
0.284828
0.262889
0.216728
0.147106
0.301107
0.194496
0.251813
0.245528
0.39611
0.157718
0.174444
0.192184
0.259521
0.229659
0.233605
0.176757
0.14546
0.410194
0.295645
0.314289
0.188404
0.183065
0.245178
0.39611
0.123603
0.377767
0.254957
0.264334
0.419313
0.195119
0.253178
0.310652
0.144703
0.200397
0.358581
0.361612
0.159667
0.113418
0.325204
0.203713
0.138759
0.290194
0.115088
0.164067
0.195512
0.211153
0.110801
0.0929473
0.301107
0.156171
0.192184
0.39611
0.124366
0.102489
0.167504
0.212156
0.216921
0.139099
0.110758
0.0918791
0.192184
0.10437
0.294889
0.283901
0.208485
0.114409
0.17432
0.0787626
0.331361
0.152623
0.222581
0.202297
0.0929966
0.291988
0.319502
0.242109
0.153345
0.17036
0.301107
0.325204
0.214872
0.258269
0.225694
0.166893
0.155956
0.166893
0.262535
0.205436
0.145475
0.251228
0.15969
0.133974
0.234925
0.249964
0.200806
0.327339
0.21251
0.156225
0.138462
0.112901
0.167504
0.238564
0.235729
0.260995
0.124932
0.410194
0.295645
0.111857
0.221024
0.39611
0.14546
0.367847
0.42448
0.243001
0.251469
0.27674
0.265312
0.188913
0.189642
0.301107
0.291988
0.171209
0.113418
0.18246
0.300838
0.348595
0.196754
0.129052
0.180322
0.210771
0.269629
0.171209
0.110801
0.113753
0.301107
0.153345
0.245528
0.251228
0.124366
0.124366
0.0996203
0.192184
0.23235
0.245528
0.14546
0.294623
0.168276
0.167504
0.284828
0.39611
0.171867
0.294889
0.217066
0.199327
0.27674
0.27674
0.168011
0.291988
0.305599
0.139374
0.192991
0.301107
0.288738
0.171209
0.161654
0.291988
0.215812
0.0950522
0.131558
0.150932
0.0875015
0.269629
0.211153
0.101797
0.119346
0.192184
0.39611
0.133216
0.102489
0.108249
0.167504
0.202932
0.23235
0.173975
0.107387
0.14546
0.294623
0.253206
0.168365
0.39611
0.333576
0.175019
0.212191
0.231959
0.168011
0.242109
0.141775
0.132928
0.301107
0.214872
0.251228
0.214464
0.226425
0.291988
0.360695
0.334203
0.222825
0.155956
0.233547
0.249955
0.145475
0.274431
0.216728
0.147106
0.255731
0.200806
0.39611
0.201728
0.156877
0.167504
0.238564
0.168571
0.123528
0.33806
0.394467
0.168276
0.183851
0.331971
0.406206
0.302991
0.264334
0.419313
0.214537
0.313104
0.319502
0.200992
0.301107
0.291988
0.370112
0.251228
0.214428
0.214325
0.349461
0.349973
0.258269
0.367556
0.331488
0.203057
0.243631
0.291376
0.268382
0.193011
0.251228
0.155956
0.301107
0.426885
0.198413
0.218998
0.301107
0.238957
0.250274
0.194496
0.218829
0.0873773
0.286039
0.295645
0.409643
0.188404
0.245178
0.10437
0.32031
0.28831
0.28725
0.265312
0.419313
0.310652
0.39611
0.358581
0.251228
0.203603
0.349461
0.258269
0.356014
0.286444
0.291988
0.216921
0.252192
0.273166
0.193011
0.262889
0.210669
0.301107
0.227848
0.245528
0.198413
0.157718
0.301107
0.191383
0.238564
0.250274
0.227848
0.167504
0.200806
0.132101
0.343497
0.295645
0.396648
0.245178
0.132101
0.32031
0.317887
0.28831
0.28725
0.27674
0.419313
0.203703
0.253178
0.310652
0.16233
0.358581
0.358581
0.325257
0.157125
0.151766
0.172267
0.291988
0.360695
0.204111
0.185213
0.139186
0.154893
0.166893
0.203251
0.197523
0.145475
0.180328
0.125014
0.194981
0.215831
0.182174
0.153445
0.188154
0.123623
0.167795
0.107387
0.167504
0.14546
0.352347
0.294623
0.114409
0.17432
0.39611
0.14546
0.286039
0.265312
0.145091
0.288738
0.319502
0.0621272
0.160211
0.225229
