0.476649
0.476649
0.228779
0.438464
0.119371
0.513652
0.212853
0.276514
0.272586
0.24196
0.440885
0.386256
0.476649
0.279358
0.208337
0.227187
0.476649
0.513652
0.35126
0.438464
0.150291
0.453065
0.438464
0.279358
0.0740618
0.406013
0.373165
0.0909395
0.457335
0.457335
0.317214
0.0909579
0.156794
0.261164
0.420369
0.389724
0.120852
0.399519
0.120852
0.352965
0.311647
0.169632
0.457335
0.457335
0.352965
0.317214
0.206161
0.225222
0.438464
0.123787
0.398537
0.24196
0.24196
0.317214
0.279358
0.143166
0.476649
0.284702
0.268354
0.206177
0.476649
0.284461
0.476649
0.389724
0.311486
0.398537
0.205878
0.284461
0.476649
0.31784
0.398537
0.0698445
0.284461
0.176741
0.438464
0.325355
0.269777
0.24196
0.34697
0.284461
0.398537
0.404868
0.0594466
0.513652
0.310857
0.221088
0.389724
0.398537
0.150291
0.438464
0.304572
0.336522
0.442771
0.273459
0.353857
0.476649
0.331907
0.425562
0.303769
0.438464
0.476649
0.438464
0.156794
0.328881
0.169632
0.279358
0.513652
0.0862913
0.317214
0.259286
0.284461
0.510383
0.225802
0.440885
0.312438
0.273459
0.238185
0.198402
0.169632
0.476649
0.28033
0.513652
0.169632
0.24196
0.35126
0.325355
0.100477
0.124147
0.24196
0.0909395
0.417845
0.258403
0.310857
0.457335
0.0738479
0.513652
0.105347
0.510383
0.362753
0.310857
0.281089
0.24196
0.344727
0.150291
0.438464
0.284461
0.373371
0.352965
0.325355
0.120852
0.364533
0.169632
0.352965
0.370249
0.326898
0.40146
0.438464
0.476649
0.208337
0.169632
0.0571662
0.336492
0.0845705
0.389724
0.306868
0.438464
0.26888
0.0964499
0.264891
0.169632
0.122529
0.358248
0.221337
0.417845
0.317214
0.513652
0.18469
0.26888
0.0913944
0.310857
0.357344
0.32034
0.169632
0.438464
0.331907
0.284461
0.398537
0.25195
0.370249
0.181093
0.438464
0.150291
0.438464
0.513652
0.169632
0.26251
0.21597
0.34697
0.170028
0.245318
0.26251
0.357344
0.352965
0.396493
0.317201
0.380884
0.306868
0.119371
0.380884
0.388264
0.252974
0.438464
0.476649
0.24196
0.311647
0.2358
0.238527
0.272586
0.572164
0.26251
0.353857
0.0285938
0.438464
0.457335
0.229902
0.295801
0.317214
0.378661
0.353857
0.312438
0.284461
0.239257
0.420369
0.24959
0.188941
0.284461
0.357344
0.0594466
0.317214
0.317214
0.152892
0.417845
0.119371
0.425562
0.408385
0.476649
0.476649
0.513652
0.279358
0.317214
0.317214
0.342549
0.581019
0.357344
0.336515
0.158551
0.357344
0.476649
0.476649
0.25195
0.336492
0.438464
0.208337
0.438464
0.357344
0.24196
0.438464
0.145486
0.399519
0.344238
0.513652
0.178768
0.0371091
0.248058
0.513505
0.245318
0.331907
0.24196
0.0913944
0.284461
0.317214
0.513652
0.328942
0.373518
0.279358
0.438464
0.306868
0.122529
0.245318
0.325355
0.122529
0.438464
0.338989
0.26251
0.386256
0.214866
0.344727
0.277577
0.476649
0.404868
0.344238
0.342549
0.398537
0.357344
0.513652
0.284461
0.271906
0.309571
0.257301
0.284461
0.513652
0.32034
0.438464
0.271906
0.513652
0.258403
0.208337
0.21597
0.476649
0.406013
0.280674
0.182355
0.211279
0.19171
0.476649
0.406013
0.329382
0.357344
0.311486
0.510383
0.513652
0.457335
0.513652
0.428206
0.352965
0.498842
0.373371
0.312438
0.325355
0.513652
0.343937
0.156794
0.312438
0.124147
0.284461
0.266014
0.212853
0.457335
0.224161
0.513652
0.295801
0.352965
0.325355
0.258403
0.160636
0.457335
0.457335
0.242869
0.237985
0.370249
0.510383
0.317214
0.27218
0.352965
0.513652
0.398537
0.215306
0.476649
0.322511
0.503547
0.125158
0.206354
0.169632
0.25195
0.284461
0.34697
0.43203
0.353857
0.513652
0.438464
0.34697
0.380884
0.275535
0.438464
0.211279
0.513652
0.328881
0.463201
0.476649
0.212853
0.284461
0.194072
0.476649
0.326898
0.0964499
0.317214
0.244203
0.311486
0.463201
0.302209
0.119791
0.24196
0.0976501
0.169632
0.510383
0.438464
0.362942
0.353857
0.513652
0.284461
0.35126
0.438464
0.352965
0.490069
0.122529
0.284461
0.457335
0.119791
0.0971101
0.310857
0.182355
0.442771
0.406013
0.24196
0.331907
0.396493
0.269777
0.284461
0.312438
0.285353
0.245318
0.442771
0.442771
0.24196
0.156207
0.25195
0.24196
0.457335
0.388264
0.344238
0.0738479
0.261164
0.312438
0.24196
0.312438
0.284461
0.513652
0.119791
0.123228
0.24196
0.215306
0.476649
0.364418
0.125158
0.310857
0.202073
0.362753
0.302209
0.249705
0.156794
0.317214
0.196657
0.310857
0.325355
0.431709
0.344238
0.199901
0.457335
0.124147
0.513652
0.380884
0.137859
0.380884
0.389724
0.312438
0.438464
0.342549
0.279358
0.395596
0.24196
0.284461
0.34697
0.257301
0.435935
0.26251
0.513652
0.398537
0.476649
0.311049
0.14146
0.476649
0.476649
0.309571
0.371742
0.0964499
0.107545
0.35126
0.325355
0.24196
0.353857
0.389724
0.417123
0.388264
0.211279
0.24196
0.357344
0.169632
0.476649
0.431709
0.275949
0.312438
0.472234
0.235245
0.469015
0.169632
0.513652
0.353857
0.169632
0.371742
0.143166
0.223427
0.160641
0.175296
0.341442
0.409054
0.388698
0.270512
0.168585
0.225426
0.223984
0.151675
0.284328
0.204697
0.287293
0.202993
0.424671
0.181552
0.168585
0.195521
0.132997
0.172073
0.225426
0.16972
0.142449
0.170478
0.14282
0.374867
0.127804
0.457185
0.14282
0.371766
0.259926
0.151449
0.338387
0.284328
0.225426
0.341442
0.341442
0.365487
0.284328
0.225321
0.236197
0.341442
0.409054
0.388698
0.302101
0.119614
0.226391
0.341442
0.286327
0.296207
0.284328
0.218711
0.168585
0.341442
0.25118
0.292763
0.299172
0.424671
0.168585
0.195521
0.202993
0.264393
0.287293
0.2659
0.18397
0.14282
0.457185
0.325263
0.312742
0.223984
0.202993
0.259926
0.457185
0.0866507
0.404277
0.284328
0.296207
0.457185
0.21244
0.308977
0.338387
0.155556
0.212957
0.370852
0.365487
0.191837
0.160549
0.377555
0.236197
0.14462
0.327797
0.141992
0.187226
0.223984
0.223427
0.113442
0.107684
0.341442
0.193836
0.202993
0.457185
0.168585
0.100042
0.172073
0.237094
0.254828
0.159136
0.109177
0.0510986
0.170478
0.0866507
0.342357
0.300035
0.21195
0.142449
0.223984
0.0605023
0.307717
0.198288
0.223427
0.228159
0.116644
0.341442
0.338387
0.284328
0.155726
0.236197
0.341442
0.377555
0.23731
0.273953
0.270512
0.193836
0.168585
0.193836
0.292763
0.223984
0.151675
0.284328
0.151449
0.168585
0.257891
0.25682
0.202993
0.341983
0.218715
0.168585
0.159579
0.134873
0.172073
0.213456
0.228281
0.286327
0.0910459
0.457185
0.325263
0.127804
0.259926
0.457185
0.14282
0.371766
0.41098
0.223427
0.270512
0.284328
0.284328
0.183038
0.209134
0.341442
0.341442
0.191837
0.160549
0.236197
0.341442
0.409054
0.234231
0.193301
0.204697
0.187226
0.266504
0.191837
0.113442
0.168585
0.341442
0.187226
0.299172
0.284328
0.168585
0.168585
0.103373
0.202993
0.318792
0.266658
0.14282
0.300035
0.163916
0.172073
0.296207
0.457185
0.131138
0.342357
0.191837
0.234231
0.284328
0.284328
0.181313
0.341442
0.296516
0.155726
0.204697
0.341442
0.341442
0.191837
0.175296
0.341442
0.236197
0.0971216
0.19002
0.143796
0.121613
0.266504
0.223427
0.107684
0.0910459
0.202993
0.457185
0.168585
0.100042
0.0748717
0.172073
0.184186
0.318792
0.190635
0.0824483
0.14282
0.300035
0.30813
0.132997
0.457185
0.342357
0.223984
0.259926
0.284328
0.181313
0.284328
0.155726
0.203732
0.341442
0.23731
0.284328
0.225321
0.236197
0.341442
0.409054
0.388698
0.257891
0.168585
0.257891
0.292763
0.151675
0.284328
0.218711
0.168585
0.318792
0.202993
0.424671
0.169698
0.164496
0.172073
0.213456
0.16972
0.142449
0.360936
0.384527
0.163916
0.223984
0.371766
0.448063
0.353923
0.296207
0.457185
0.243939
0.377555
0.338387
0.177635
0.341442
0.341442
0.365487
0.284328
0.191837
0.236197
0.370852
0.409054
0.273953
0.388698
0.363002
0.191837
0.318792
0.329044
0.259926
0.151675
0.284328
0.168585
0.341442
0.40742
0.206341
0.25118
0.341442
0.228281
0.286327
0.25118
0.219998
0.105817
0.342357
0.325263
0.416116
0.223984
0.259926
0.0866507
0.371766
0.284328
0.296207
0.284328
0.457185
0.338387
0.457185
0.370852
0.284328
0.236197
0.370852
0.273953
0.388698
0.363002
0.341442
0.286327
0.259449
0.296207
0.151675
0.284328
0.183038
0.341442
0.25118
0.299172
0.206341
0.168585
0.341442
0.187122
0.213456
0.286327
0.25118
0.172073
0.170478
0.105817
0.374867
0.325263
0.380004
0.259926
0.105817
0.371766
0.342357
0.284328
0.296207
0.284328
0.457185
0.21244
0.308977
0.338387
0.177635
0.370852
0.370852
0.365487
0.191837
0.160641
0.175296
0.341442
0.409054
0.213052
0.234231
0.160641
0.19002
0.193836
0.25682
0.223984
0.151675
0.191837
0.114898
0.226301
0.25682
0.202993
0.181462
0.226391
0.134873
0.19263
0.0824483
0.139558
0.14282
0.374867
0.300035
0.142449
0.223984
0.457185
0.14282
0.342357
0.284328
0.151449
0.341442
0.338387
0.0234342
0.183555
0.19263
