0.464708
0.464708
0.214748
0.412395
0.109684
0.497014
0.2401
0.317207
0.294232
0.250053
0.460818
0.38635
0.464708
0.283751
0.24616
0.234687
0.464708
0.497014
0.367699
0.412395
0.145159
0.454118
0.412395
0.283751
0.0705416
0.394258
0.388008
0.0704246
0.452418
0.452418
0.308123
0.0791397
0.151803
0.25638
0.449449
0.420992
0.085907
0.430023
0.085907
0.34784
0.282827
0.152606
0.452418
0.452418
0.34784
0.308123
0.187452
0.190485
0.412395
0.104055
0.38265
0.250053
0.250053
0.308123
0.283751
0.167715
0.464708
0.304729
0.275079
0.250066
0.464708
0.274061
0.464708
0.420992
0.33681
0.38265
0.246757
0.274061
0.464708
0.317143
0.38265
0.00343097
0.23868
0.208675
0.412395
0.336036
0.249207
0.250053
0.315177
0.274061
0.38265
0.426049
0.0383817
0.497014
0.283751
0.273491
0.420992
0.38265
0.145159
0.412395
0.286219
0.346001
0.46741
0.214748
0.350129
0.464708
0.398598
0.445399
0.311939
0.412395
0.464708
0.412395
0.151803
0.374755
0.152606
0.283751
0.497014
0.078114
0.308123
0.307285
0.274061
0.498836
0.205463
0.460818
0.315321
0.250053
0.244212
0.235148
0.152606
0.464708
0.276931
0.497014
0.152606
0.250053
0.367699
0.300731
0.107206
0.102486
0.214748
0.0704246
0.420528
0.309487
0.283751
0.452418
0.0787782
0.497014
0.0787782
0.498836
0.369734
0.283751
0.312524
0.250053
0.314397
0.145159
0.412395
0.23868
0.396806
0.34784
0.336036
0.085907
0.347847
0.152606
0.34784
0.390368
0.312924
0.380089
0.412395
0.464708
0.24616
0.152606
0.0579614
0.367147
0.085907
0.420992
0.313061
0.412395
0.335721
0.0706873
0.246173
0.152606
0.139908
0.376214
0.246482
0.455833
0.308123
0.497014
0.192047
0.335721
0.0684237
0.283751
0.364529
0.332223
0.152606
0.412395
0.398598
0.274061
0.38265
0.23868
0.390368
0.160621
0.412395
0.145159
0.412395
0.497014
0.152606
0.267036
0.227646
0.315177
0.186927
0.2401
0.267036
0.364529
0.34784
0.40618
0.34395
0.421784
0.313061
0.109684
0.421784
0.400004
0.259951
0.412395
0.464708
0.250053
0.282827
0.304152
0.270483
0.294232
0.573872
0.267036
0.38265
0.00335713
0.412395
0.452418
0.270454
0.343185
0.308123
0.378951
0.350129
0.315321
0.274061
0.281635
0.449449
0.312524
0.190485
0.274061
0.364529
0.0383817
0.308123
0.308123
0.138795
0.420528
0.109684
0.445399
0.454118
0.464708
0.464708
0.497014
0.283751
0.308123
0.308123
0.347526
0.569286
0.364529
0.35624
0.10185
0.364529
0.464708
0.464708
0.23868
0.367147
0.412395
0.24616
0.412395
0.364529
0.250053
0.412395
0.150608
0.430023
0.370872
0.497014
0.156761
0.0365301
0.262723
0.505275
0.2401
0.398598
0.214748
0.0684237
0.274061
0.308123
0.497014
0.350485
0.388546
0.283751
0.412395
0.313061
0.139908
0.2401
0.336036
0.139908
0.412395
0.345529
0.267036
0.38635
0.206591
0.314397
0.267492
0.464708
0.426049
0.370872
0.347526
0.38265
0.364529
0.497014
0.274061
0.359565
0.281478
0.205463
0.274061
0.497014
0.332223
0.412395
0.359565
0.497014
0.309487
0.24616
0.227646
0.464708
0.394258
0.300731
0.17121
0.156761
0.212488
0.464708
0.394258
0.33725
0.364529
0.33681
0.498836
0.497014
0.452418
0.497014
0.452765
0.34784
0.523215
0.396806
0.315321
0.336036
0.497014
0.315321
0.151803
0.315321
0.102486
0.274061
0.266574
0.2401
0.452418
0.224075
0.497014
0.343185
0.34784
0.369734
0.274182
0.140221
0.452418
0.452418
0.246016
0.177013
0.390368
0.498836
0.308123
0.242456
0.34784
0.497014
0.417955
0.228661
0.464708
0.30607
0.483079
0.112547
0.210116
0.152606
0.23868
0.23868
0.315177
0.465404
0.38265
0.497014
0.412395
0.315177
0.421784
0.251402
0.412395
0.192142
0.497014
0.374755
0.507858
0.464708
0.2401
0.274061
0.209812
0.464708
0.312924
0.0706873
0.308123
0.277604
0.33681
0.507858
0.348318
0.119497
0.250053
0.0515357
0.152606
0.498836
0.412395
0.383322
0.38265
0.497014
0.23868
0.367699
0.412395
0.34784
0.486424
0.139908
0.274061
0.452418
0.119497
0.0755635
0.283751
0.17121
0.46741
0.394258
0.250053
0.398598
0.40618
0.249207
0.274061
0.315321
0.316415
0.2401
0.46741
0.46741
0.250053
0.137993
0.23868
0.214748
0.452418
0.400004
0.370872
0.0787782
0.25638
0.315321
0.250053
0.315321
0.274061
0.497014
0.119497
0.146981
0.214748
0.228661
0.464708
0.433979
0.138333
0.283751
0.212787
0.369734
0.348318
0.261773
0.151803
0.308123
0.215355
0.283751
0.336036
0.425369
0.370872
0.173803
0.452418
0.102486
0.497014
0.421784
0.145587
0.421784
0.420992
0.315321
0.412395
0.347526
0.283751
0.393944
0.250053
0.274061
0.315177
0.205463
0.451653
0.267036
0.497014
0.38265
0.464708
0.347526
0.044308
0.464708
0.464708
0.281478
0.379591
0.0706873
0.103541
0.367699
0.300731
0.250053
0.350129
0.420992
0.388223
0.400004
0.192142
0.250053
0.364529
0.152606
0.464708
0.425369
0.277586
0.315321
0.498321
0.249351
0.483223
0.152606
0.497014
0.38265
0.152606
0.379591
0.167715
0.296558
0.151926
0.163447
0.380969
0.412395
0.45145
0.300542
0.182336
0.231239
0.265757
0.191046
0.346873
0.213761
0.281553
0.242228
0.545506
0.239937
0.182336
0.196359
0.153559
0.206753
0.231239
0.157923
0.152667
0.242228
0.160252
0.459432
0.157609
0.545506
0.160252
0.424051
0.331653
0.120177
0.380969
0.346873
0.231239
0.380969
0.380969
0.379053
0.346873
0.325971
0.213761
0.380969
0.412395
0.45145
0.370025
0.16118
0.231239
0.380969
0.281553
0.331653
0.346873
0.230537
0.182336
0.380969
0.250128
0.325971
0.350377
0.545506
0.182336
0.22888
0.242228
0.311583
0.281553
0.266072
0.242065
0.160252
0.545506
0.349806
0.3541
0.265757
0.242228
0.331653
0.545506
0.107395
0.459432
0.346873
0.331653
0.545506
0.239974
0.380969
0.380969
0.227075
0.247933
0.380969
0.414358
0.227075
0.164113
0.412395
0.213761
0.137046
0.401136
0.164406
0.192605
0.265757
0.296558
0.127356
0.132022
0.380969
0.161756
0.242228
0.545506
0.182336
0.0968417
0.206753
0.27712
0.281553
0.193325
0.068362
0.0761301
0.242228
0.107395
0.424051
0.340369
0.211481
0.152667
0.265757
0.074178
0.359694
0.234646
0.296558
0.294016
0.0957861
0.380969
0.380969
0.346873
0.192605
0.213761
0.380969
0.412395
0.215724
0.290251
0.300542
0.161756
0.182336
0.161756
0.325971
0.265757
0.155665
0.346873
0.155482
0.182336
0.231239
0.285861
0.242228
0.437194
0.250128
0.182336
0.162984
0.0994729
0.206753
0.230702
0.280157
0.281553
0.0844563
0.545506
0.349806
0.157609
0.331653
0.545506
0.160252
0.459432
0.490858
0.296558
0.300542
0.346873
0.346873
0.224965
0.215583
0.380969
0.380969
0.227075
0.164113
0.213761
0.380969
0.412395
0.300542
0.198175
0.213761
0.258501
0.27712
0.227075
0.127356
0.182336
0.380969
0.192605
0.350377
0.346873
0.182336
0.182336
0.0994729
0.242228
0.281553
0.350377
0.160252
0.340369
0.189034
0.206753
0.331653
0.545506
0.144628
0.424051
0.227075
0.300542
0.346873
0.346873
0.196839
0.380969
0.347349
0.192605
0.213761
0.380969
0.380969
0.227075
0.163447
0.380969
0.213761
0.0900268
0.161756
0.163447
0.0958599
0.27712
0.296558
0.132022
0.0844563
0.242228
0.545506
0.182336
0.0968417
0.0604395
0.206753
0.191046
0.281553
0.193325
0.113634
0.160252
0.340369
0.31963
0.153559
0.545506
0.459432
0.265757
0.331653
0.346873
0.196839
0.346873
0.192605
0.213761
0.380969
0.215724
0.346873
0.325971
0.213761
0.380969
0.412395
0.45145
0.231239
0.182336
0.231239
0.325971
0.155665
0.346873
0.230537
0.182336
0.281553
0.242228
0.545506
0.210085
0.153559
0.206753
0.230702
0.157923
0.152667
0.390683
0.426403
0.189034
0.265757
0.424051
0.522947
0.414343
0.331653
0.545506
0.206276
0.412395
0.380969
0.215583
0.380969
0.380969
0.404839
0.346873
0.227075
0.213761
0.380969
0.412395
0.290251
0.45145
0.420339
0.227075
0.281553
0.325971
0.331653
0.191046
0.346873
0.182336
0.380969
0.513163
0.258826
0.250128
0.380969
0.315462
0.281553
0.250128
0.318033
0.127946
0.424051
0.349806
0.495886
0.265757
0.331653
0.107395
0.424051
0.346873
0.331653
0.346873
0.545506
0.380969
0.545506
0.380969
0.346873
0.213761
0.380969
0.290251
0.45145
0.420339
0.380969
0.281553
0.258501
0.331653
0.191046
0.346873
0.224965
0.380969
0.250128
0.350377
0.258826
0.182336
0.380969
0.196359
0.230702
0.281553
0.250128
0.206753
0.242228
0.127946
0.459432
0.349806
0.46446
0.331653
0.127946
0.424051
0.424051
0.346873
0.331653
0.346873
0.545506
0.239974
0.380969
0.380969
0.215583
0.380969
0.380969
0.379053
0.227075
0.151926
0.163447
0.380969
0.412395
0.239937
0.300542
0.151926
0.161756
0.161756
0.260075
0.265757
0.155665
0.227075
0.130463
0.161756
0.260075
0.242228
0.170454
0.231239
0.0994729
0.180419
0.113634
0.206753
0.160252
0.459432
0.340369
0.152667
0.265757
0.545506
0.160252
0.424051
0.346873
0.120177
0.380969
0.380969
0.0530309
0.197619
0.206205
