0.290176
0.248543
0.20126
0.244907
0.186151
0.260274
0.207472
0.170124
0.137006
0.23339
0.279903
0.217086
0.290176
0.234364
0.20085
0.190857
0.265065
0.260274
0.25854
0.260274
0.124851
0.282851
0.276796
0.250886
0.0166329
0.248543
0.267368
0.00425802
0.241416
0.241416
0.202606
0.0301463
0.0547015
0.154361
0.259301
0.216642
0.0389865
0.264647
0.0389865
0.181128
0.223254
0.168202
0.287295
0.241416
0.19765
0.234495
0.0466684
0.16052
0.260274
0.0879354
0.240386
0.217625
0.23339
0.217973
0.234364
0.113666
0.233176
0.158435
0.177925
0.181962
0.244298
0.253705
0.322065
0.26252
0.211375
0.250532
0.113124
0.253705
0.305543
0.182698
0.286264
0.0522692
0.19246
0.182698
0.244907
0.238961
0.174508
0.23339
0.218997
0.217973
0.286264
0.265758
-0.0434545
0.265758
0.234364
0.142468
0.277887
0.204653
0.124851
0.260274
0.185371
0.241317
0.216642
0.170129
0.286264
0.322065
0.210944
0.284075
0.212802
0.276796
0.322065
0.276796
0.0547015
0.272409
0.15168
0.234364
0.244907
0.0906021
0.217973
0.220636
0.202606
0.241416
0.155701
0.279903
0.207368
0.217625
0.197894
0.166212
0.168202
0.290176
0.0991309
0.265758
0.168202
0.217625
0.25854
0.206832
0.0084847
0.0742107
0.20126
0.0399901
0.260728
0.243587
0.218997
0.26252
0.0589742
0.265758
0.0589742
0.241416
0.233825
0.218997
0.187713
0.217625
0.196258
0.124851
0.260274
0.270227
0.235719
0.19765
0.217086
0.0389865
0.236149
0.168202
0.19765
0.241416
0.274339
0.238813
0.244907
0.187298
0.216212
0.168202
0.0394921
0.238372
-0.0107564
0.216642
0.205254
0.260274
0.233967
0.056881
0.194904
0.168202
0.0938866
0.274339
0.211046
0.292858
0.217973
0.265758
0.14306
0.213597
0.0742107
0.234364
0.280001
0.25854
0.168202
0.260274
0.239873
0.202606
0.286264
0.159544
0.212488
0.118286
0.244907
0.124851
0.244907
0.276796
0.13247
0.190857
0.0800062
0.197894
0.261277
0.178544
0.226742
0.280001
0.156353
0.283617
0.241416
0.234658
0.205254
0.186151
0.291658
0.280001
0.235129
0.260274
0.248543
0.23339
0.215002
0.21508
0.241416
0.137006
0.343441
0.226742
0.286264
-0.0254594
0.282149
0.287295
0.198341
0.260325
0.238338
0.165761
0.301631
0.237884
0.253705
0.216212
0.259301
0.187713
0.110777
0.217973
0.280001
-0.0434545
0.217973
0.202606
0.124764
0.260728
0.186151
0.259301
0.22585
0.244298
0.290176
0.265758
0.173119
0.156728
0.253705
0.26252
0.35471
0.280001
0.215369
0.0290327
0.280001
0.233176
0.244298
0.174911
0.238372
0.276796
0.20085
0.244907
0.280001
0.23339
0.244907
0.1329
0.264647
0.211375
0.244907
0.080112
0.0410358
0.110509
0.264647
0.207472
0.210944
0.185894
0.0742107
0.253705
0.217973
0.244907
0.244455
0.23683
0.218997
0.260274
0.240986
0.0938866
0.236103
0.217086
0.0938866
0.276796
0.234925
0.190857
0.217086
0.164399
0.196258
0.166212
0.322065
0.265758
0.236149
0.277887
0.250532
0.280001
0.244907
0.238338
0.165699
0.202258
0.113666
0.253705
0.327004
0.25854
0.244907
0.165699
0.265758
0.243587
0.20085
0.137006
0.290176
0.19765
0.184957
0.117494
0.158906
0.157869
0.244298
0.181128
0.158435
0.280001
0.236149
0.241416
0.265758
0.287295
0.265758
0.236149
0.181128
0.303565
0.235719
0.253247
0.217086
0.265758
0.207368
0.0547015
0.237884
0.0742107
0.253705
0.166212
0.178544
0.241416
0.1329
0.265758
0.260325
0.19765
0.238961
0.211457
0.153335
0.287295
0.287295
0.171005
0.209756
0.241416
0.241416
0.238338
0.158906
0.19765
0.311637
0.272515
0.110509
0.265065
0.236103
0.278296
0.0854058
0.167048
0.15168
0.159544
0.253705
0.223254
0.314512
0.250532
0.311637
0.244907
0.243772
0.234658
0.19848
0.260274
0.158906
0.260274
0.258842
0.257889
0.265065
0.178544
0.217973
0.180896
0.244298
0.274339
0.056881
0.217973
0.207472
0.236149
0.314889
0.170124
0.0113663
0.217625
0.0647648
0.168202
0.287295
0.276796
0.157356
0.240386
0.265758
0.238338
0.25854
0.276796
0.165761
0.304311
0.0938866
0.234495
0.302662
0.0113663
0.086281
0.218997
0.117494
0.26252
0.248543
0.217625
0.210944
0.268255
0.174508
0.19246
0.237884
0.172875
0.207472
0.26252
0.216642
0.217625
0.100972
0.155701
0.185894
0.241416
0.280001
0.236149
0.0589742
0.154361
0.207368
0.217625
0.253247
0.238338
0.265758
0.0113663
0.100181
0.20126
0.110509
0.244298
0.289738
0.0854058
0.218997
0.188884
0.233825
0.291658
0.210787
0.0547015
0.19246
0.134125
0.218997
0.217086
0.248543
0.236149
0.0160007
0.241416
0.0742107
0.260274
0.291658
0.0973619
0.234658
0.26252
0.253247
0.260274
0.156353
0.218997
0.26252
0.217625
0.238338
0.223254
0.159544
0.272515
0.226742
0.260274
0.240386
0.290176
0.277887
0.0837489
0.265065
0.322065
0.227033
0.234925
0.056881
0.0426714
0.25854
0.184957
0.202258
0.240386
0.26252
0.267136
0.280001
0.158906
0.202258
0.280001
0.168202
0.322065
0.370077
0.205254
0.268613
0.308832
0.183983
0.287771
0.168202
0.260274
0.240386
0.15168
0.234925
0.113666
0.237076
0.0907953
0.169588
0.232414
0.257189
0.35861
0.154665
0.144814
0.238361
0.239256
0.116053
0.237076
0.169588
0.238361
0.180345
0.324677
0.233765
0.144814
0.124396
0.13839
0.180345
0.238361
0.174123
0.147228
0.158471
0.0936617
0.301446
0.113616
0.324677
0.115536
0.222652
0.254971
0.126245
0.273896
0.237076
0.180802
0.232414
0.232414
0.24131
0.237076
0.216435
0.169588
0.232414
0.257189
0.35861
0.35861
0.153454
0.238361
0.232414
0.238361
0.276199
0.237076
0.180141
0.144814
0.232414
0.213587
0.23215
0.305986
0.302802
0.144814
0.124396
0.180345
0.203104
0.238361
0.178229
0.284111
0.0936617
0.324677
0.260197
0.308325
0.239256
0.180345
0.254971
0.324677
0.0923054
0.301446
0.272808
0.276199
0.324677
0.180141
0.232414
0.249716
0.133437
0.180802
0.232414
0.27344
0.18318
0.140842
0.257189
0.169588
0.141662
0.35861
0.114411
0.178229
0.239256
0.237076
0.0755277
0.144814
0.232414
0.171312
0.180345
0.324677
0.144814
0.0309669
0.180345
0.176596
0.238361
0.144791
0.141005
0.0730539
0.158471
0.149306
0.222652
0.260197
0.117227
0.147228
0.239256
0.149306
0.312559
0.239256
0.237076
0.213845
0.0906188
0.232414
0.208234
0.237076
0.178229
0.169588
0.232414
0.257189
0.185839
0.233765
0.18318
0.184465
0.144814
0.184465
0.23215
0.239256
0.116053
0.237076
0.158374
0.169588
0.238361
0.216435
0.180345
0.302802
0.238361
0.144814
0.108681
0.141005
0.180345
0.218077
0.203104
0.214181
0.0525886
0.324677
0.260197
0.113616
0.254971
0.324677
0.115536
0.24507
0.361953
0.272808
0.276199
0.237076
0.237076
0.212271
0.180802
0.232414
0.232414
0.18318
0.140842
0.169588
0.232414
0.257189
0.133437
0.140842
0.169588
0.178229
0.218077
0.18318
0.0755277
0.144814
0.232414
0.178229
0.305986
0.237076
0.144814
0.144814
0.105273
0.180345
0.238361
0.284111
0.172537
0.260197
0.13839
0.180345
0.276199
0.324677
0.149306
0.222652
0.215172
0.254971
0.237076
0.237076
0.163402
0.232414
0.216337
0.178229
0.169588
0.232414
0.232414
0.154665
0.169588
0.232414
0.169588
0.0152022
0.134722
0.169588
0.119007
0.218077
0.237076
0.144814
0.0525886
0.180345
0.324677
0.144814
0.0309669
0.0600275
0.180345
0.153365
0.238361
0.168971
0.0730539
0.172537
0.260197
0.242867
0.13839
0.324677
0.222652
0.239256
0.254971
0.237076
0.163402
0.237076
0.178229
0.169588
0.232414
0.185839
0.237076
0.216435
0.169588
0.232414
0.257189
0.35861
0.238361
0.144814
0.238361
0.23215
0.116053
0.237076
0.180141
0.144814
0.238361
0.180345
0.302802
0.161065
0.174123
0.180345
0.218077
0.0525886
0.147228
0.260197
0.27981
0.13839
0.239256
0.24507
0.321366
0.311015
0.276199
0.324677
0.180141
0.257189
0.273896
0.180802
0.232414
0.232414
0.24131
0.237076
0.215172
0.169588
0.232414
0.257189
0.233765
0.35861
0.237076
0.190397
0.238361
0.253378
0.254971
0.116053
0.237076
0.144814
0.232414
0.302802
0.20899
0.213587
0.232414
0.210458
0.238361
0.213587
0.284111
0.0722012
0.222652
0.260197
0.362221
0.239256
0.254971
0.0923054
0.264134
0.272808
0.276199
0.237076
0.301446
0.249716
0.324677
0.232414
0.237076
0.169588
0.232414
0.233765
0.35861
0.237076
0.232414
0.238361
0.243687
0.276199
0.116053
0.237076
0.212271
0.232414
0.213587
0.305986
0.20899
0.144814
0.232414
0.145624
0.218077
0.238361
0.213587
0.180345
0.0818084
0.0722012
0.222652
0.260197
0.362221
0.254971
0.0940759
0.264134
0.258384
0.272808
0.276199
0.237076
0.324677
0.180141
0.232414
0.216337
0.144918
0.254832
0.232414
0.24131
0.18318
0.0907953
0.169588
0.232414
0.257189
0.233765
0.133437
0.0907953
0.134722
0.184465
0.216435
0.239256
0.116053
0.18318
0.0929164
0.184465
0.216435
0.180345
0.179869
0.238361
0.141005
0.15371
0.0730539
0.158471
0.0936617
0.301446
0.260197
0.147228
0.239256
0.324677
0.115536
0.222652
0.237076
0.126245
0.232414
0.232414
-0.00791816
0.180802
0.15371
