4.01146
4.01146
4.01146
1.56839
3.95114
1.85492
1.3271
1.68904
1.39496
1.48545
1.63625
1.39496
1.56085
1.4025
1.50053
1.31956
1.39496
1.13105
1.50807
1.2517
1.44775
1.31202
1.41758
1.21399
1.16875
1.22908
1.09335
1.10089
1.11597
1.15367
1.17629
1.18383
1.16875
1.20645
1.14613
1.12351
1.12351
1.08581
1.07827
1.12351
1.10089
1.11597
1.09335
1.03303
1.04811
1.00287
1.00287
1.01795
1.02549
1.03303
1.05565
1.01041
1.06319
1.01795
1.03303
0.995325
1.03303
0.995325
0.965164
1.00287
0.972704
1.01041
0.957623
1.00287
0.950083
0.995325
0.950083
0.950083
0.965164
0.935002
0.942543
0.972704
0.935002
0.927462
0.957623
0.927462
0.965164
0.957623
0.950083
0.980244
0.987785
0.957623
0.957623
0.935002
0.965164
0.935002
0.935002
0.919922
0.912381
0.912381
0.88976
0.904841
0.88222
0.87468
0.859599
0.867139
0.897301
0.88222
0.88976
0.904841
