0.011412
0.013428
0.015441
0.017451
0.01941
0.021378
0.023344
0.025403
0.02793
0.030133
0.032136
0.034071
0.036117
0.038436
0.040546
0.042439
0.044311
0.04619
0.048238
0.050143
0.051979
0.053943
0.055849
0.057821
0.059737
0.061663
0.063511
0.065493
0.067419
0.069303
0.071207
0.073186
0.075018
0.076981
0.078814
0.080749
0.082688
0.084537
0.086443
0.088341
0.090289
0.092273
0.094187
0.096037
0.097931
0.099811
0.101676
0.103562
0.105441
0.107361
0.109229
0.111184
0.113106
0.114938
0.116807
0.118684
0.120583
0.122465
0.124457
0.126342
0.128271
0.130163
0.131998
0.133881
0.135725
0.137632
0.13954
0.141519
0.143512
0.1454
0.14729
0.149139
0.150998
0.152882
0.15471
0.156627
0.15853
0.160376
0.162335
0.164308
0.166215
0.168083
0.170031
0.171904
0.17387
0.175829
0.177745
0.179662
0.181566
0.183444
0.185282
0.187166
0.189042
0.191005
0.192932
0.194807
0.196723
0.198659
0.200503
0.20233
