4.01146
4.01146
4.01146
1.56839
3.95114
1.85492
1.3271
1.68904
1.39496
1.48545
1.63625
1.39496
1.56085
1.4025
1.50053
1.31956
1.39496
1.13105
1.50807
1.2517
1.44775
1.31202
1.41758
1.21399
1.16875
1.22908
1.09335
1.10089
1.11597
1.15367
1.17629
1.18383
1.16875
1.20645
1.14613
1.12351
1.12351
1.08581
1.07827
1.12351
1.10089
1.11597
1.09335
1.03303
1.04811
1.00287
1.00287
1.01795
1.02549
1.03303
1.05565
1.01041
1.06319
1.01795
1.03303
0.995325
1.03303
0.995325
0.965164
1.00287
0.972704
1.01041
0.957623
1.00287
0.950083
0.995325
0.950083
0.950083
0.965164
0.935002
0.942543
0.972704
0.935002
0.927462
0.957623
0.927462
0.965164
0.957623
0.950083
0.980244
0.987785
0.957623
0.957623
0.935002
0.965164
0.935002
0.935002
0.919922
0.912381
0.912381
0.88976
0.904841
0.88222
0.87468
0.859599
0.867139
0.897301
0.88222
0.88976
0.904841
0.829437
0.867139
0.836978
0.852059
0.829437
0.844518
0.836978
0.829437
0.821897
0.821897
0.829437
0.821897
0.836978
0.814357
0.836978
0.814357
0.821897
0.829437
0.836978
0.814357
0.844518
0.814357
0.836978
0.814357
0.836978
0.829437
0.829437
0.814357
0.829437
0.859599
0.844518
0.836978
0.829437
0.806816
0.829437
0.814357
0.829437
0.814357
0.814357
0.806816
0.821897
0.806816
0.821897
0.799276
0.821897
0.806816
0.821897
0.791736
0.814357
0.799276
0.769115
0.791736
0.738953
0.761574
0.731413
0.761574
0.723873
0.761574
0.746494
0.754034
0.731413
0.754034
0.731413
0.738953
0.738953
0.746494
0.723873
0.754034
0.731413
0.738953
0.723873
0.738953
0.731413
0.746494
0.738953
0.754034
0.754034
0.754034
0.761574
0.746494
0.776655
0.754034
0.769115
0.731413
0.769115
0.723873
0.761574
0.738953
0.769115
0.738953
0.769115
0.738953
0.761574
0.754034
0.769115
0.761574
0.754034
0.738953
0.746494
0.731413
0.746494
0.731413
0.716332
0.723873
0.723873
0.716332
0.723873
0.723873
0.738953
0.731413
0.738953
0.738953
0.746494
0.746494
0.723873
0.738953
0.716332
0.746494
0.723873
0.731413
0.716332
0.731413
0.716332
0.731413
0.716332
0.708792
0.708792
0.708792
0.701252
0.723873
0.708792
0.716332
0.723873
0.723873
0.723873
0.716332
0.716332
0.716332
0.716332
0.723873
0.716332
0.708792
0.716332
0.708792
0.716332
0.701252
0.723873
0.701252
0.723873
0.723873
0.723873
0.723873
0.716332
0.723873
0.716332
0.716332
0.701252
0.708792
0.701252
0.716332
0.693711
0.716332
0.716332
0.708792
0.716332
0.716332
0.708792
0.716332
0.731413
0.716332
0.738953
0.723873
0.746494
0.723873
0.746494
0.723873
0.738953
0.723873
0.731413
0.723873
0.723873
0.716332
0.708792
0.731413
0.723873
0.723873
0.738953
0.738953
0.731413
0.723873
0.731413
0.723873
0.731413
0.723873
0.723873
0.716332
0.723873
0.716332
0.723873
0.716332
0.723873
0.716332
0.723873
0.716332
0.716332
0.708792
0.716332
0.708792
0.701252
0.693711
0.708792
0.693711
0.708792
0.693711
0.708792
0.701252
0.708792
0.701252
0.708792
0.693711
0.708792
0.693711
0.708792
0.708792
0.708792
0.701252
0.708792
0.708792
0.701252
0.708792
0.708792
0.701252
0.686171
0.701252
0.693711
0.701252
0.693711
0.701252
0.708792
0.693711
0.693711
0.693711
0.686171
0.701252
0.693711
0.701252
0.686171
0.701252
0.693711
0.693711
0.693711
0.686171
0.701252
0.678631
0.708792
0.686171
0.701252
0.686171
0.701252
0.686171
0.701252
0.686171
0.701252
0.686171
0.693711
0.693711
0.686171
0.701252
0.686171
0.693711
0.686171
0.693711
0.701252
0.686171
0.686171
0.686171
0.686171
0.686171
0.693711
0.686171
0.686171
0.678631
0.686171
0.686171
0.686171
0.686171
0.686171
0.686171
0.686171
0.686171
0.693711
0.693711
0.693711
0.678631
0.701252
0.693711
0.701252
0.686171
0.701252
0.693711
0.686171
0.67109
0.678631
0.67109
0.686171
0.67109
0.67109
0.67109
0.686171
0.678631
0.686171
0.678631
0.678631
0.678631
0.678631
0.66355
0.67109
0.65601
0.66355
0.66355
0.66355
0.66355
0.65601
0.66355
0.65601
0.66355
0.65601
0.67109
0.65601
0.66355
0.65601
0.648469
0.66355
0.67109
0.66355
0.67109
0.67109
0.67109
0.65601
0.67109
0.66355
0.66355
0.66355
0.66355
0.66355
0.66355
0.66355
0.66355
0.65601
0.66355
0.65601
0.66355
0.65601
0.66355
0.65601
0.66355
0.65601
0.66355
0.65601
0.65601
0.648469
0.65601
0.648469
0.648469
0.640929
0.648469
0.648469
0.648469
0.648469
0.648469
0.648469
0.65601
0.640929
0.648469
0.640929
0.648469
0.640929
0.648469
0.648469
0.640929
0.648469
0.640929
0.648469
0.648469
0.648469
0.65601
0.648469
0.65601
0.640929
0.640929
0.640929
0.633389
0.633389
0.633389
0.640929
0.640929
0.640929
0.633389
0.648469
0.648469
0.65601
0.648469
0.640929
0.633389
0.640929
0.618308
0.618308
0.625848
0.633389
0.633389
0.633389
0.633389
0.625848
0.633389
0.625848
0.625848
0.633389
0.640929
0.648469
0.633389
0.648469
0.633389
0.633389
0.640929
0.625848
0.625848
0.640929
0.633389
0.625848
0.633389
0.618308
0.633389
0.618308
0.625848
0.610768
0.633389
0.633389
0.625848
0.633389
0.625848
0.640929
0.633389
0.603227
0.610768
0.618308
0.625848
0.618308
0.618308
0.625848
0.618308
0.618308
0.625848
0.618308
0.625848
0.618308
0.625848
0.625848
0.625848
0.618308
0.625848
0.618308
0.618308
0.633389
0.625848
0.625848
0.618308
0.618308
0.618308
0.625848
0.618308
0.618308
0.618308
0.618308
0.618308
0.618308
0.618308
0.618308
0.618308
0.618308
0.618308
0.618308
0.618308
0.618308
0.618308
0.618308
0.618308
0.618308
0.618308
0.610768
0.610768
0.610768
0.610768
0.610768
0.610768
0.610768
0.610768
0.610768
0.618308
0.610768
0.618308
0.603227
0.618308
0.603227
0.618308
0.603227
0.633389
0.625848
0.633389
0.618308
0.633389
0.618308
0.633389
0.618308
0.633389
0.618308
0.633389
0.618308
0.633389
0.618308
0.625848
0.618308
0.625848
0.618308
0.625848
0.618308
0.625848
0.610768
0.618308
0.610768
0.603227
0.610768
0.603227
0.618308
0.610768
0.610768
0.610768
0.610768
0.610768
0.610768
0.610768
0.610768
0.610768
0.610768
0.603227
0.610768
0.603227
0.610768
0.603227
0.610768
0.603227
0.610768
0.610768
0.610768
0.610768
0.610768
0.610768
0.610768
0.610768
0.610768
0.603227
0.610768
0.603227
0.610768
0.603227
0.610768
0.603227
0.610768
0.595687
0.610768
0.595687
0.610768
0.595687
0.610768
0.595687
0.610768
0.595687
0.610768
0.595687
0.610768
0.595687
0.610768
0.588147
0.588147
0.595687
0.595687
0.603227
0.588147
0.603227
0.595687
0.603227
0.603227
0.603227
0.595687
0.603227
0.588147
0.595687
0.588147
0.595687
0.588147
0.588147
0.580606
0.588147
0.588147
0.588147
0.588147
0.588147
0.588147
0.588147
0.588147
0.588147
0.580606
0.588147
0.580606
0.588147
0.580606
0.588147
0.580606
0.588147
0.573066
0.588147
0.573066
0.588147
0.573066
0.580606
0.573066
0.580606
0.573066
0.580606
0.573066
0.580606
0.573066
0.573066
0.573066
0.573066
0.573066
0.573066
0.573066
0.573066
0.573066
0.573066
0.580606
0.573066
0.573066
0.573066
0.573066
0.573066
0.573066
0.573066
0.580606
0.573066
0.573066
0.580606
0.573066
0.580606
0.573066
0.580606
0.573066
0.580606
0.573066
0.580606
0.573066
0.573066
0.580606
0.580606
0.580606
0.588147
0.573066
0.580606
0.580606
0.580606
0.580606
0.573066
0.588147
0.573066
0.580606
0.573066
0.565526
0.573066
0.565526
0.573066
0.565526
0.573066
0.565526
0.573066
0.565526
0.573066
0.565526
0.573066
0.565526
0.573066
0.565526
0.573066
0.565526
0.565526
0.565526
0.573066
0.565526
0.573066
0.565526
0.573066
0.565526
0.573066
0.565526
0.573066
0.565526
0.573066
0.565526
0.573066
0.565526
0.573066
0.565526
0.573066
0.565526
0.573066
0.565526
0.573066
0.565526
0.573066
0.565526
0.573066
0.580606
0.573066
0.573066
0.573066
0.580606
0.573066
0.565526
0.573066
0.573066
0.573066
0.573066
0.565526
0.573066
0.573066
0.580606
0.573066
0.580606
0.565526
0.565526
0.565526
0.573066
0.565526
0.580606
0.565526
0.580606
0.573066
0.580606
0.573066
0.580606
0.573066
0.580606
0.573066
0.573066
0.573066
0.573066
0.573066
0.573066
0.573066
0.573066
0.573066
0.573066
0.565526
0.573066
0.565526
0.580606
0.565526
0.573066
0.573066
0.565526
0.573066
0.573066
0.573066
0.573066
0.573066
0.573066
0.573066
0.573066
0.573066
0.573066
0.573066
0.573066
0.557985
0.573066
0.565526
0.573066
0.565526
0.573066
0.565526
0.573066
0.565526
0.573066
0.565526
0.573066
0.565526
0.573066
0.565526
0.573066
0.565526
0.573066
0.565526
0.573066
0.565526
0.573066
0.565526
0.573066
0.565526
0.573066
0.580606
0.573066
0.580606
0.573066
0.573066
0.565526
0.573066
0.573066
0.573066
0.573066
0.580606
0.580606
0.573066
0.573066
0.573066
0.573066
0.580606
0.580606
0.565526
0.580606
0.565526
0.580606
0.565526
0.580606
0.573066
0.580606
0.557985
0.580606
0.557985
0.580606
0.557985
0.580606
0.557985
0.580606
0.557985
0.573066
0.565526
0.573066
0.565526
0.573066
0.565526
0.565526
0.573066
0.573066
0.573066
0.573066
0.573066
0.573066
0.565526
0.565526
0.573066
0.565526
0.573066
0.565526
0.573066
0.573066
0.565526
0.573066
0.580606
0.573066
0.580606
0.573066
0.580606
0.573066
0.573066
0.573066
0.580606
0.573066
0.580606
0.573066
0.580606
0.565526
0.573066
0.565526
0.573066
0.565526
0.573066
0.557985
0.565526
0.557985
0.565526
0.557985
0.565526
0.557985
0.557985
0.565526
0.557985
0.565526
0.573066
0.565526
0.580606
0.565526
0.580606
