0.012461
0.014433
0.016591
0.018513
0.020394
0.022308
0.025069
0.027067
0.02908
0.031612
0.033723
0.035723
0.037795
0.039824
0.042036
0.043892
0.046088
0.048703
0.050739
0.053901
0.056081
0.058307
0.060574
0.062888
0.065065
0.067253
0.069489
0.071737
0.073969
0.076124
0.078358
0.080527
0.082662
0.084865
0.086999
0.089203
0.091451
0.093594
0.095865
0.098036
0.100215
0.102392
0.104569
0.106716
0.108921
0.111132
0.113299
0.115496
0.117643
0.11981
0.121978
0.124196
0.126423
0.128621
0.130754
0.132942
0.135143
0.137304
0.13952
0.141701
0.143901
0.146162
0.148297
0.150455
0.152601
0.154808
0.157013
0.159155
0.161453
0.163607
0.165805
0.167966
0.170127
0.172287
0.174422
0.176571
0.178812
0.180963
0.183184
0.185373
0.187577
0.189753
0.19197
0.194211
0.196415
0.198635
0.20085
0.20307
0.205241
0.207423
0.209566
0.211781
0.213963
0.216162
0.218359
0.220538
0.222749
0.224961
0.227103
0.229305
0.231462
0.233655
0.235815
0.237982
0.240136
0.242335
0.24472
0.246853
0.249086
0.251271
0.25349
0.255635
0.257853
0.260001
0.262235
0.264381
0.266594
0.268774
0.270981
0.273122
0.275311
0.277533
0.279702
0.281847
0.284006
0.286132
0.288286
0.29042
0.292555
0.29477
0.296947
0.299138
0.301351
0.303509
0.305688
0.307836
0.310012
0.312306
0.314516
0.316698
0.3189
0.321172
0.32333
0.325525
0.327763
0.329928
0.332126
0.334294
0.336473
0.338621
0.340808
0.342958
0.345175
0.347331
0.34949
0.351633
0.353859
0.356045
0.358222
0.360375
0.362573
0.364723
0.366895
0.369106
0.371306
0.373489
0.375791
0.378003
0.380135
0.382284
0.384454
0.386687
0.388844
0.391031
0.393216
0.395455
0.397605
0.399757
0.401907
0.404118
0.406326
0.408483
0.410905
0.41331
0.415638
0.417822
0.42005
0.422269
0.424517
0.426694
0.429033
0.431207
0.433415
0.435549
0.43773
0.44001
0.442331
0.444541
0.446681
0.448849
0.451063
0.453207
0.455379
0.457542
0.459686
0.461895
0.46408
0.466209
0.468379
0.47053
0.472769
0.474988
0.477177
0.479446
0.481601
0.483752
0.485902
0.48807
0.490267
0.492493
0.494777
0.496963
0.499139
0.501281
0.503488
0.50564
0.507856
0.510074
0.512365
0.514585
0.516791
0.518968
0.521181
0.523401
0.525571
0.527859
0.529997
0.532156
0.534319
0.536508
0.538724
0.540866
0.543141
0.545378
0.547673
0.550006
0.552426
0.554588
0.556815
0.558957
0.561301
0.563445
0.565645
0.567816
0.569964
0.572113
0.574317
0.576537
0.578777
0.580949
0.583123
0.58528
0.587489
0.589651
0.591877
0.594115
0.596322
0.598524
0.600748
0.602928
0.605143
0.607339
0.60949
0.61168
0.613819
0.615959
0.618176
0.620331
0.622537
0.624725
0.626922
0.629161
0.63132
0.633478
0.635686
0.638366
0.640757
0.643047
0.645549
0.647921
0.650275
0.653026
0.65528
0.657496
0.659661
0.661939
0.664178
0.666331
0.668553
0.670729
0.673013
0.675385
0.677689
0.679975
0.682205
0.684472
0.686619
0.688831
0.691033
0.69354
0.695949
0.698174
0.700449
0.702706
0.705014
0.707327
0.709592
0.712131
0.714524
0.716833
0.719243
0.721569
0.723994
0.726322
0.728865
0.731327
0.73371
0.736085
0.738354
0.740707
0.742968
0.745438
0.747667
0.749927
0.752197
0.754467
0.756778
0.75905
0.761458
0.763782
0.76608
0.768362
0.770603
0.772912
0.775164
0.777494
0.779722
0.781993
0.784233
0.786461
0.788709
0.790992
0.793299
0.795622
0.797902
0.800137
0.802368
0.804605
0.806846
0.809074
0.811392
0.813619
0.815859
0.818111
0.820374
0.822646
0.824925
0.827203
0.829487
0.831753
0.833975
0.836196
0.838502
0.840742
0.843017
0.845316
0.847537
0.849766
0.852079
0.854353
0.856615
0.858842
0.861137
0.863365
0.865618
0.867841
0.87007
0.872281
0.874427
0.876572
0.878811
0.880973
0.883184
0.885362
0.887518
0.889662
0.891816
0.894021
0.896165
0.898344
0.900548
0.902719
0.904877
0.907052
0.909237
0.911498
0.91365
0.915879
0.91801
0.920145
0.922323
0.924456
0.926588
0.928824
0.930971
0.93319
0.935363
0.937556
0.939707
0.941935
0.944203
0.946348
0.948524
0.950699
0.952875
0.955014
0.957196
0.959355
0.961577
0.963733
0.965873
0.968081
0.970305
0.97251
0.974742
0.976953
0.979218
0.981379
0.983537
0.985762
0.987903
0.990043
0.992184
0.994424
0.996678
0.998809
1.00095
1.00311
1.00525
1.0074
1.00955
1.01177
1.01391
1.01605
1.01823
1.02039
1.02254
1.02469
1.02694
1.02913
1.03128
1.03347
1.03565
1.03787
1.04004
1.04218
1.0444
1.04655
1.04885
1.051
1.05315
1.05529
1.05745
1.05961
1.06184
1.06415
1.06674
1.06921
1.07136
1.0736
1.07577
1.07812
1.08029
1.08264
1.0848
1.08697
1.08914
1.09132
1.09347
1.09579
1.0985
1.10098
1.1033
1.1059
1.10834
1.11082
1.11336
1.11614
1.11872
1.12149
1.12392
1.12628
1.12878
1.13122
1.13406
1.13655
1.13895
1.14133
1.14394
1.14659
1.14932
1.152
1.15455
1.15693
1.15931
1.16186
1.16526
1.1677
1.17004
1.17238
1.1746
1.17684
1.17915
1.18184
1.18416
1.18631
1.18867
1.19088
1.19308
1.19538
1.19785
1.20027
1.20243
1.20468
1.20691
1.20915
1.21151
1.21401
1.21632
1.21852
1.22078
1.22296
1.22511
1.2274
1.22969
1.23232
1.23454
1.23682
1.23896
1.24121
1.24334
1.24585
1.24847
1.25062
1.25289
1.25504
1.25722
1.25942
1.26171
1.26427
1.26657
1.26883
1.27109
1.27328
1.27546
1.27775
1.28016
1.28264
1.2848
1.28696
1.28922
1.29137
1.29357
1.29589
1.29847
1.30062
1.30279
1.30495
1.30709
1.30921
1.31152
1.31402
1.31634
1.31848
1.3207
1.32286
1.32499
1.32724
1.32951
1.33206
1.33432
1.33657
1.33876
1.3409
1.34311
1.34549
1.34817
1.35037
1.35263
1.35478
1.35693
1.35907
1.36135
1.36381
1.36613
1.36829
1.37053
1.37278
1.37499
1.37736
1.37967
1.38231
1.38446
1.38661
1.3888
1.391
1.39315
1.39547
1.39809
1.40023
1.4024
1.40455
1.40673
1.40889
1.41127
1.41404
1.41651
1.41869
1.42089
1.42313
1.42539
1.4277
1.43037
1.43291
1.43511
1.4373
1.43942
1.4416
1.44395
1.44616
1.44902
1.45126
1.45351
1.45575
1.45797
1.46019
1.46248
1.46538
1.46755
1.4697
1.47196
1.47413
1.47626
1.47855
1.48138
1.48357
1.4857
1.48783
1.48997
1.4921
1.4944
1.49705
1.49962
1.50185
1.50409
1.50631
1.50856
1.51093
1.5133
1.51592
1.51808
1.52024
1.52238
1.52452
1.52669
1.529
1.53182
1.53405
1.53632
1.53847
1.54063
1.54286
1.54519
1.54811
1.55044
1.55278
1.55504
1.55733
1.55957
1.5619
1.56471
1.56694
1.56909
1.57135
1.5736
1.57585
1.57818
1.58085
1.58317
1.58539
1.58754
1.58971
1.59193
1.59424
1.59664
1.59938
1.60168
1.60403
1.60627
1.60858
1.61092
1.61343
1.61602
1.61825
1.62044
1.62258
1.62477
1.62695
1.62924
1.63206
1.63419
1.63662
1.63898
1.64133
1.64365
1.64625
1.6484
1.65057
1.65278
1.65494
1.65707
1.65921
1.66141
1.66354
1.66569
1.66782
1.66997
1.67216
1.67434
1.67651
1.67876
1.68094
1.6831
1.68529
1.68745
1.68966
1.69186
1.69409
1.69629
1.69847
1.70072
1.70292
1.70511
1.70727
1.70945
1.71167
1.71382
1.71599
1.7182
1.72037
1.72259
1.72477
1.72698
1.72919
1.73137
1.73351
1.7357
1.73791
1.7401
1.7423
1.74478
1.7475
1.74994
1.75217
1.75433
1.75651
1.75866
1.76096
1.76312
1.76527
1.76746
1.76965
1.77182
1.77398
1.77613
1.77834
1.78048
1.78261
1.78474
1.78689
1.78906
1.79121
1.79334
1.79555
1.79772
1.79986
1.80199
1.80414
1.80635
1.80855
1.8108
1.81294
1.81514
1.81728
1.81943
1.82158
1.82374
1.82588
1.82815
1.83029
1.83245
1.83457
1.83671
1.83884
1.84096
1.84309
1.84532
1.84746
1.84963
1.85182
1.854
1.85621
1.8584
1.86063
1.8628
1.86497
1.86713
1.86929
1.87151
1.87373
1.87594
1.87818
1.88041
1.88256
1.88477
1.88691
1.88912
1.89132
1.89355
1.89576
1.89798
1.90013
1.90228
1.90453
1.90674
1.90894
1.91118
1.91334
1.91548
1.9176
1.91975
1.9219
1.92403
1.92616
1.92836
1.93051
1.93267
1.9348
1.93694
1.93911
1.94129
1.9435
1.94574
1.948
1.95017
1.95241
1.9546
1.95682
1.95904
1.96132
1.96346
1.96569
1.96781
1.96998
1.97213
1.97432
1.97646
1.97868
1.98081
1.98297
1.98511
1.98726
1.98943
1.99167
1.99395
1.99609
1.99837
2.00053
2.00266
2.00481
2.00696
2.00909
2.01128
2.01345
2.01565
2.0181
2.02033
2.02252
2.02466
2.02703
2.02917
2.0313
2.03345
2.03566
2.03779
2.03994
2.04216
2.04448
2.04664
2.0488
2.05094
2.0531
2.05525
2.05743
2.05957
2.06184
2.064
2.0662
2.06841
2.07058
2.07272
2.07495
2.0772
2.07935
2.08155
2.08373
2.08587
2.08803
2.09018
2.09239
2.09461
2.09677
2.09898
2.10114
2.10328
2.10549
2.10767
2.10987
2.11211
2.1143
2.11648
2.11864
2.12077
2.12294
2.12508
2.1273
2.12946
2.13161
2.13377
2.13599
2.13814
2.1404
2.14262
2.14491
2.14711
2.14929
2.15151
2.15365
2.1558
2.15793
2.16017
2.16233
2.16453
2.16678
2.16898
2.17113
2.17331
2.17548
2.1777
2.17985
2.18208
2.18426
2.18645
2.18863
2.19075
2.19291
2.1951
2.19723
2.19939
2.20152
2.20368
2.2059
2.20805
2.21028
2.21243
2.21456
2.21677
2.21891
2.22105
2.22318
2.22532
2.22752
2.22969
2.23191
2.23414
2.23632
2.23851
2.24071
2.24288
2.24513
